v -3.64997	0.0972616	1.81924	
v -3.82781	0.104698	1.61244	
v -3.6937	0.11228	1.83984	
v -0.649084	-1.24012	0.507231	
v -0.199614	-1.11272	0.494375	
v -0.750778	-1.13393	0.75563	
v -0.387291	0.914979	1.03098	
v -0.750778	1.13393	0.755631	
v -0.995858	0.817969	1.2161	
v -0.878676	0.224546	1.74	
v -0.465364	0.135393	1.78802	
v -0.453844	0.243154	1.71362	
v -0.277614	1.69384e-07	-1.03967	
v -0.784405	1.90701e-07	-1.17052	
v -0.748644	0.322878	-1.15224	
v 1.04192	-0.767388	-1.35888	
v 1.04908	-0.768273	-1.10902	
v 0.962362	-0.84339	-1.38562	
v -0.199943	0.644299	-0.817001	
v -0.706825	0.728676	-0.96392	
v -0.206789	0.783224	-0.739364	
v -2.91708	1.08707	0.434166	
v -3.21831	0.981246	0.558441	
v -3.00131	1.04224	0.592276	
v -0.209233	-1.05611	-0.357313	
v -0.194829	-0.92394	-0.584965	
v 0.151897	-0.775826	-0.532221	
v -3.48851	-0.802225	0.273932	
v -3.61887	-0.521025	0.487553	
v -3.5667	-0.616332	0.263403	
v -3.27362	1.71959e-07	-1.05548	
v -3.13163	-0.372786	-1.13609	
v -3.28255	-0.363738	-1.06913	
v -0.194829	0.92394	-0.584965	
v -0.209233	1.05611	-0.357312	
v 0.138016	0.859008	-0.384166	
v 2.15556	-8.63165e-09	0.0529807	
v 2.16142	-0.169601	0.0454666	
v 1.97272	3.64035e-08	-0.223443	
v -1.88072	0.753236	-0.721757	
v -1.96122	0.619705	-0.940385	
v -1.99484	0.706269	-0.816991	
v 2.39515	-0.329971	0.767102	
v 2.56656	-0.388748	1.08803	
v 2.3444	-0.381185	0.964602	
v -2.17233	-1.18036	0.131513	
v -1.81293	-1.22272	-0.429666	
v -1.82921	-1.30834	-0.219035	
v -0.714649	-0.915937	-0.852085	
v -0.199943	-0.644298	-0.817001	
v -0.206789	-0.783224	-0.739364	
v 2.78543	1.22215	2.20221	
v 2.81044	1.15137	2.21846	
v 2.81938	1.09092	2.12729	
v 1.07107	-0.686247	-1.35738	
v 1.02407	-0.549843	-1.10322	
v 1.07562	-0.694787	-1.09471	
v -3.27551	0.913764	0.754745	
v -3.34615	0.830452	1.0413	
v -3.00435	1.03123	0.764379	
v -1.51103	0.456514	1.72379	
v -1.12345	0.228654	1.75198	
v -1.18146	0.373264	1.70492	
v -0.846559	-2.98194e-07	1.8303	
v -0.840332	-0.127527	1.78994	
v -0.465364	-0.135394	1.78802	
v -3.73255	-0.483233	1.37265	
v -3.75738	-0.422365	1.50721	
v -3.76685	-0.266873	1.34404	
v 3.0039	0.118193	2.54366	
v 2.98306	0.000633403	2.55019	
v 3.09659	0.109711	2.49598	
v 3.2339	0.486667	1.75059	
v 3.18786	0.473744	1.87316	
v 3.30314	0.485733	1.85877	
v -3.53254	1.44883e-07	-0.889287	
v -3.55308	0.342304	-0.880612	
v -3.40901	1.60647e-07	-0.986046	
v -3.60835	-2.81985e-07	1.80161	
v -3.73772	5.7799e-05	1.60844	
v -3.74981	0.0523902	1.60897	
v -3.86399	-0.0775213	0.792277	
v -3.8257	-0.0895206	0.796607	
v -3.8977	-0.0840871	1.2182	
v 2.24295	0.216485	0.299934	
v 2.19228	0.299329	0.431597	
v 2.44153	0.2593	0.654904	
v -0.815932	0.589692	1.46917	
v -0.396276	0.530426	1.46318	
v -0.448662	0.690694	1.32475	
v 1.92467	0.483653	0.704077	
v 1.82974	0.433846	1.02933	
v 2.10963	0.420681	0.799747	
v 1.63376	0.141267	1.90944	
v 1.92238	0.250456	1.86321	
v 1.65264	0.248525	1.79077	
v 2.03297	0.421262	1.1339	
v 2.31833	0.412267	1.26246	
v 0.986476	-0.617077	-1.68849	
v 0.839684	-0.543248	-1.50913	
v 0.965091	-0.58346	-1.44792	
v -3.16002	1.05563	-2.41755	
v -3.2065	1.11409	-2.57301	
v -3.25757	1.04099	-2.44464	
v -1.98141	-0.301675	-1.05935	
v -2.16977	1.80388e-07	-1.10721	
v -2.0099	1.51612e-07	-1.0722	
v 2.10963	-0.420681	0.799747	
v 0.613899	-0.493582	1.61907	
v 0.607323	-0.337862	1.73315	
v -0.0321948	-0.237291	1.72075	
v 1.82974	-0.433847	1.02933	
v 2.03297	-0.421262	1.1339	
v 2.01066	-0.389522	1.38867	
v 2.25644	-3.57972e-07	2.19722	
v 2.25925	-0.0864726	2.18187	
v 2.47662	-3.59074e-07	2.34338	
v 2.81439	-0.323875	2.533	
v 2.78996	-0.382236	2.48448	
v 2.84288	-0.416622	2.54189	
v 3.53376	0.189337	2.17769	
v 3.48399	7.70335e-05	2.19113	
v 3.59971	-5.83779e-05	2.0817	
v 3.55991	-0.394399	2.1432	
v 3.57476	-0.405141	2.03575	
v 3.60629	-0.380702	2.05645	
v -3.40124	0.916629	-2.00675	
v -3.45053	0.896153	-2.01219	
v -3.39259	0.862226	-1.79026	
v -3.5667	0.616332	0.263404	
v -3.61887	0.521025	0.487553	
v -3.53807	0.773484	0.503118	
v -3.7415	0.375921	-0.24884	
v -3.74326	0.391428	-0.443238	
v -3.75897	0.269839	-0.435075	
v -3.71237	0.425887	-0.60578	
v -3.65062	0.318421	-0.747376	
v -3.71944	0.281166	-0.590839	
v 0.127502	1.53676e-07	-0.943255	
v 0.11528	-0.353393	-0.893414	
v -0.249232	-0.338578	-1.00477	
v 0.593413	0.80311	-1.01202	
v 0.587737	0.673503	-1.16265	
v 0.569158	0.591947	-0.958728	
v 0.432381	1.52044e-07	-0.933239	
v 0.376763	-0.366007	-0.921496	
v -3.37725	-0.855384	-0.20647	
v -3.26179	-0.960315	-0.193261	
v -3.42531	-0.828971	0.0121298	
v -3.58185	-0.593641	1.45423	
v 1.32418	1.62748e-07	-0.99894	
v 1.23599	0.363157	-0.9654	
v 1.36496	0.32848	-0.972527	
v 1.86177	0.361324	0.0211923	
v 1.7346	0.486769	0.174832	
v 1.83364	0.438429	0.261938	
v 0.693868	-0.524925	-0.974453	
v 0.698126	1.53472e-07	-0.942002	
v 0.79606	-0.507018	-0.969958	
v 0.759327	-0.586523	-1.51558	
v 0.730529	-0.580837	-1.37965	
v 0.981841	-0.840172	-1.11254	
v 0.878304	-0.862192	-1.11045	
v 0.89547	-0.840932	-1.40719	
v -1.51103	-0.456515	1.72379	
v -1.53488	-0.641057	1.64064	
v -1.15727	-0.539968	1.62423	
v -1.62067	-1.05643	1.05004	
v -1.87893	-1.04352	1.10656	
v -1.59775	-1.22725	0.726643	
v -1.45901	1.9035e-07	-1.16836	
v -1.82163	0.295502	-1.07799	
v -1.47292	0.313893	-1.16587	
v -2.38041	0.698552	-0.946525	
v -2.12595	0.510734	-1.03517	
v -2.36987	0.55323	-1.09308	
v 1.79805	-0.363201	-0.168285	
v 1.62955	-0.448526	-0.329709	
v 1.75332	-0.329516	-0.414396	
v -1.45608	-0.984376	-0.843937	
v -1.83944	-0.937444	-0.671641	
v -1.66328	-0.745813	-0.85701	
v -2.66093	-1.15823	0.0178633	
v -2.70101	-1.05668	-0.323163	
v -2.58439	-0.950256	-0.417169	
v -2.15501	-0.794628	-0.490161	
v -2.37382	-0.792548	-0.736456	
v -2.15037	-0.77047	-0.704561	
v -3.68271	-0.359209	0.0777195	
v -3.7415	-0.375921	-0.24884	
v -3.66083	-0.547027	-0.247079	
v -2.81577	-0.98307	-0.650821	
v -2.8365	-0.745847	-0.90313	
v -2.72824	-0.81402	-0.730156	
v -3.0053	0.908486	-2.69319	
v -3.11577	0.892195	-2.69406	
v -3.1654	1.13457	-2.67035	
v -3.25427	0.700526	-2.45267	
v -3.28143	0.733442	-2.31244	
v -3.36875	0.822585	-2.34732	
v -3.18701	0.829078	-1.54318	
v -3.20649	0.744889	-1.5773	
v -3.19993	0.824757	-1.75504	
v 1.04908	0.768273	-1.10902	
v 1.07562	0.694788	-1.09471	
v 1.04192	0.767388	-1.35887	
v 0.839684	0.543248	-1.50913	
v 0.825657	0.594197	-1.69116	
v 0.886568	0.567276	-1.71723	
v 3.09876	0.000502794	2.49492	
v 3.0039	-0.118193	2.54366	
v 3.09659	-0.109712	2.49598	
v 3.1134	-0.373788	2.328	
v 2.96551	-0.44542	2.27349	
v 3.04361	-0.398686	2.21453	
v 2.89237	0.284368	2.56004	
v 2.99233	0.289666	2.52919	
v 3.00532	0.396692	2.54742	
v 3.3906	0.723484	2.68606	
v 3.63884	0.652572	2.69406	
v 3.41276	0.762341	2.68957	
v 3.40737	0.665127	2.57763	
v 3.41429	0.692242	2.54335	
v 3.44305	0.788967	2.66241	
v 3.05897	0.409949	2.50194	
v 2.71563	0.263858	2.41141	
v 2.57065	0.196546	2.35108	
v 2.70558	0.000851184	2.46657	
v 2.48566	0.126389	2.31391	
v -1.49722	1.13995	-0.755761	
v -1.83498	1.10264	-0.580518	
v -1.54768	1.26031	-0.592339	
v -1.06414	1.26688	-0.635836	
v -1.07916	1.38613	-0.400243	
v -0.63602	1.27321	-0.331257	
v -1.83778	-1.13897	0.852839	
v -3.00435	-1.03123	0.764378	
v -3.034	-1.0184	1.0062	
v -3.27551	-0.913765	0.754745	
v -3.60835	-2.9352e-07	1.80161	
v -3.61848	0.267124	1.789	
v -3.79981	0.248651	1.7083	
v -2.94085	0.509311	1.84083	
v -2.45423	0.364841	1.84623	
v -2.48339	0.678337	1.73659	
v -2.3977	1.12459	0.544492	
v -2.47181	1.07224	0.690873	
v -2.35621	1.03999	0.716512	
v -2.51173	0.911103	1.5117	
v -2.91532	0.935387	1.43252	
v -2.94274	0.737849	1.69766	
v -2.38041	-0.698552	-0.946526	
v -2.36987	-0.55323	-1.09308	
v -2.15218	-0.654019	-0.936273	
v 2.70585	-0.454468	1.46265	
v 2.61956	-0.42523	1.67521	
v 2.50304	-0.43688	1.36758	
v 2.42155	-0.403152	1.60243	
v 0.617078	0.787032	-1.15391	
v 0.634418	0.747434	-1.39271	
v 0.646868	0.662428	-1.38314	
v -3.022	-0.600356	-1.14518	
v -3.23632	-0.606065	-1.27567	
v -3.18772	-0.552286	-1.11238	
v -3.5278	-0.72929	-1.61511	
v -3.47325	-0.80459	-1.79833	
v -3.5087	-0.800497	-1.57259	
v -1.90003	1.21298	0.618602	
v -1.90855	1.27274	0.349092	
v -2.16583	1.15495	0.39766	
v -2.17233	1.18036	0.131513	
v -1.82921	1.30834	-0.219035	
v -3.79981	-0.248652	1.7083	
v -3.76249	-2.80053e-07	1.71896	
v -3.77861	-2.55221e-07	1.5637	
v 4.35864	-0.147954	1.28149	
v 4.39856	-0.0904061	1.40712	
v 4.36603	-0.157597	1.34425	
v 4.05378	-0.000580862	1.69517	
v 4.06736	0.0958295	1.6718	
v 3.91315	0.104069	1.7891	
v 3.09374	0.545343	1.4316	
v 3.02455	0.531152	1.32227	
v 2.99317	0.557187	1.60332	
v 1.41212	0.959236	0.163906	
v 1.15032	1.09129	0.322902	
v 1.45246	0.985668	0.339986	
v 1.32344	0.639121	1.2675	
v 1.3673	0.770958	1.02826	
v 0.995732	0.725918	1.32154	
v -2.94085	-0.509312	1.84083	
v -2.51173	-0.911104	1.5117	
v -2.48339	-0.678337	1.73659	
v -2.32187	-0.962943	1.32472	
v -2.58776	-0.986476	1.26472	
v -2.34989	-0.976108	1.05238	
v -1.54108	-1.42373	0.0809562	
v -1.10315	-1.43313	-0.120975	
v -1.56118	-1.30845	0.508484	
v -0.638512	-1.28302	0.3719	
v -0.625037	-1.29966	0.179921	
v -0.196885	-1.1543	0.21094	
v -3.61606	0.362499	0.494999	
v -4.11775	-0.0137556	-0.368184	
v -4.08261	-0.0931202	-0.428732	
v -3.96617	-0.0314594	-0.0993183	
v -4.27385	-0.149691	-1.22241	
v -4.15303	-0.1397	-1.04378	
v -4.17814	-0.127352	-0.976601	
v -3.85949	-0.0835933	-0.30349	
v -3.79877	-0.0936136	-0.592373	
v -3.79516	-0.0816628	-0.362794	
v 0.79606	0.507018	-0.969958	
v 0.999859	0.516226	-0.968821	
v 0.963876	1.54898e-07	-0.950759	
v 1.02407	0.549843	-1.10322	
v 0.984739	0.566647	-1.32843	
v -0.644913	1.32775	-0.053624	
v -0.625037	1.29966	0.179922	
v -0.196885	1.1543	0.210941	
v 1.09971	1.06087	0.608078	
v 0.607323	0.337862	1.73315	
v 0.613899	0.493581	1.61907	
v -0.0321948	0.23729	1.72075	
v -0.0422588	0.388985	1.61448	
v 0.624161	0.624228	1.49346	
v 0.669274	0.833147	1.15987	
v 1.13723	-0.607323	-0.750937	
v 1.26214	-0.477905	-0.837966	
v 1.29942	-0.567605	-0.720547	
v 1.63832	-0.305241	-0.911191	
v 1.49018	-0.325398	-0.972576	
v 1.48089	1.61716e-07	-0.992607	
v 0.122296	-0.841755	1.006	
v 0.137416	-0.998882	0.689557	
v 0.678975	-0.899748	1.01899	
v 1.92467	-0.483653	0.704077	
v -3.93927	-1.97773e-07	1.21392	
v -3.92813	0.0485533	1.21506	
v -3.90229	-1.34142e-07	0.787956	
v 3.76884	-0.324489	1.31545	
v 3.56719	-0.386256	1.26805	
v 3.76125	-0.323424	1.2459	
v 0.145462	-0.929044	-0.168387	
v 0.138016	-0.859008	-0.384166	
v 0.502939	-0.931817	-0.106097	
v -2.89168	1.94099e-07	-1.19137	
v -2.63152	1.96307e-07	-1.20492	
v -2.76276	-0.363428	-1.23918	
v -3.022	0.600356	-1.14518	
v -2.93593	0.428558	-1.21403	
v -3.18772	0.552286	-1.11238	
v -2.2792	-0.679237	1.73168	
v -2.12337	-0.365407	1.83079	
v -2.45423	-0.364841	1.84623	
v -3.24613	-0.183096	1.94557	
v -2.92579	-0.184301	1.94572	
v -3.22544	-0.0430429	2.02786	
v -3.27256	0.476182	1.87681	
v -3.24415	0.305889	1.92441	
v -2.93064	0.332825	1.90709	
v -2.8686	-3.119e-07	1.98523	
v -3.22544	0.0430422	2.02786	
v -3.21235	-3.37753e-07	2.05541	
v -1.80509	-0.764465	-0.759395	
v -1.81294	-0.605586	-1.03043	
v -3.75063	-0.278572	-0.245047	
v -3.7001	-0.285118	0.0743616	
v -3.71781	-1.13063e-08	0.0693974	
v 2.17648	-0.347616	0.508886	
v 2.04131	-0.320207	0.239995	
v 2.19228	-0.299329	0.431597	
v -0.706825	-0.728675	-0.96392	
v -1.09691	-0.983612	-0.889776	
v -1.56111	-1.37563	-0.363032	
v -1.07916	-1.38613	-0.400244	
v 0.146638	1.05811	0.405503	
v 0.748005	1.06699	0.209736	
v 0.141282	1.07377	0.284311	
v 0.155149	1.04711	0.110016	
v 0.760193	1.08759	0.0240906	
v 0.502939	0.931817	-0.106097	
v 2.75243	-0.337258	2.37971	
v 2.78087	-0.42987	2.31119	
v 2.8115	-0.443456	2.33558	
v 3.43677	-0.73035	2.55431	
v 3.41429	-0.692243	2.54335	
v 3.63884	-0.652573	2.69406	
v 3.08939	-0.417309	2.43311	
v 3.08679	-0.530064	2.46716	
v 3.08676	-0.529928	2.38977	
v 3.24181	-0.833433	2.65081	
v 3.23493	-0.791218	2.68543	
v 3.10499	-0.743491	2.66566	
v 3.32952	-0.701334	2.6622	
v 3.39933	-0.686838	2.66791	
v 3.34561	-0.673891	2.63011	
v 1.01063	0.857837	1.06689	
v 1.05063	0.963953	0.815366	
v 0.678975	0.899747	1.01899	
v 0.127739	1.03861	0.533929	
v 0.735261	1.02087	0.558562	
v 0.744807	1.04953	0.385825	
v 1.49743	0.431553	1.45127	
v 1.28473	0.459925	1.54682	
v 1.46808	0.356267	1.62112	
v 1.18505	0.287881	1.76275	
v -3.11189	-0.846244	-1.23445	
v -3.16486	-0.723005	-1.43537	
v -3.09011	-0.739659	-1.27371	
v -3.03119	-0.944222	-2.3146	
v -2.98725	-0.868467	-2.33279	
v -3.0836	-0.83707	-2.21129	
v -3.4941	-0.762123	-1.79457	
v -3.46679	-0.813991	-2.02846	
v -3.45053	-0.896152	-2.01219	
v 0.760193	-1.08759	0.0240901	
v 0.167114	-0.960542	-0.0729635	
v -0.218372	-1.14272	0.352048	
v 1.43766	-0.591671	1.20982	
v 1.3673	-0.770959	1.02826	
v 1.51135	-0.699461	0.991697	
v 1.40137	-0.952932	0.0364474	
v 1.12263	-1.06106	0.0686764	
v 1.35488	-0.878589	-0.129094	
v 2.30699	-0.158013	0.266819	
v 2.48953	-8.57765e-08	0.526493	
v 2.49402	-0.148941	0.522661	
v 3.08027	0.474891	2.07495	
v 3.04361	0.398685	2.21453	
v 3.18833	0.460961	2.16621	
v 3.25174	0.397573	2.27598	
v 3.1134	0.373787	2.328	
v 3.20204	0.215803	2.38224	
v -3.11577	-0.892195	-2.69406	
v -3.0053	-0.908485	-2.69319	
v -2.95292	-1.16008	-2.66537	
v -3.43372	-0.740384	-1.98541	
v -3.33638	-0.716081	-1.9621	
v -3.39696	-0.715713	-2.18453	
v -0.241166	-0.566366	-0.915003	
v -0.719846	-0.67405	-1.05257	
v -0.73304	-0.469104	-1.12065	
v -2.76703	0.607885	-1.07925	
v -2.8365	0.745847	-0.90313	
v -2.69029	0.747323	-0.93875	
v -2.81577	0.98307	-0.65082	
v -2.94972	1.00268	-0.653811	
v -2.70101	1.05668	-0.323163	
v -3.47325	0.804591	-1.79833	
v -3.53675	0.651871	-1.37478	
v -3.39408	0.640762	-1.43085	
v -3.50185	0.587123	-1.17043	
v -3.12819	-1.02713	-0.475143	
v -2.85765	-1.13219	-0.0612449	
v -3.09745	-1.08159	-0.152333	
v -2.77719	-1.07279	0.840375	
v -3.7481	3.87187e-08	-0.237653	
v -3.75063	0.278572	-0.245047	
v -3.75247	6.69911e-08	-0.411188	
v 2.82214	-1.48304e-07	0.910286	
v 3.01797	-0.140372	0.959463	
v 2.81732	-0.156218	0.897745	
v -3.38688	0.76731	1.37652	
v -3.55314	0.642629	1.30066	
v -3.41494	0.719308	1.57605	
v -3.62475	0.431838	1.70332	
v -3.76863	0.365088	1.60492	
v 3.01797	-0.140372	0.959463	
v 3.31532	-0.280822	1.01851	
v 2.9849	-0.245294	0.985238	
v -3.71246	0.354013	0.959967	
v -3.71969	0.518195	1.2246	
v -3.67167	0.587761	0.988107	
v -3.50006	0.746297	1.01632	
v 1.14567	-1.07653	0.211415	
v 0.748005	-1.06699	0.209735	
v 0.744807	-1.04953	0.385825	
v 0.141282	-1.07377	0.28431	
v 0.999859	-0.516225	-0.968821	
v 0.698126	1.53472e-07	-0.942002	
v -2.29316	0.289967	-1.20796	
v -2.13964	0.342478	-1.1172	
v -2.36134	0.467682	-1.15764	
v -2.44483	0.423604	-1.2027	
v -2.56333	0.55771	-1.10785	
v 2.81732	-0.156218	0.897745	
v 3.67332	-0.122001	1.064	
v 3.76656	-0.0914318	1.08424	
v 3.78059	-0.153039	1.09015	
v -0.63602	-1.27321	-0.331258	
v -0.688764	-1.17519	-0.593979	
v -0.714344	-1.04227	-0.765104	
v -1.06414	-1.26688	-0.635836	
v -1.09532	-1.10599	-0.809144	
v -0.249232	0.338578	-1.00477	
v 0.11528	0.353393	-0.893414	
v -3.71944	-0.281165	-0.590839	
v -3.75897	-0.269839	-0.435076	
v -3.71237	-0.425887	-0.60578	
v -3.25041	-0.888275	-2.66143	
v -3.26387	-1.05542	-2.61159	
v -3.33802	-0.86389	-2.5427	
v -3.16002	-1.05563	-2.41755	
v -2.95884	-1.06939	-2.49006	
v -3.05083	-1.02621	-2.38798	
v -3.39259	-0.862225	-1.79026	
v -3.28353	-0.897082	-0.471732	
v -3.5069	-0.566763	-0.882223	
v -3.43745	-0.54199	-0.963218	
v -3.60063	-0.642242	-1.11474	
v -3.39408	-0.640761	-1.43085	
v -3.35844	-0.590229	-1.18914	
v -2.92798	-0.480179	-1.18914	
v -2.91594	-0.433735	-1.33928	
v -2.9103	-0.470352	-1.32163	
v 1.75048	0.416655	1.29095	
v 1.56784	0.489899	1.22635	
v 1.64932	0.72929	0.40215	
v 1.69688	0.604357	0.406824	
v 1.65757	0.60502	0.260118	
v 4.19592	-0.177502	1.17635	
v 4.29794	-0.108061	1.20043	
v 4.33599	-0.128944	1.23311	
v -3.31567	0.938034	0.353616	
v -3.26588	0.979122	0.0706701	
v -3.42531	0.828971	0.0121301	
v -3.33987	0.811669	-0.81673	
v -3.48225	0.821786	-1.15662	
v -3.46886	0.77631	-0.922619	
v -2.85765	1.13219	-0.0612445	
v -2.86472	1.06232	-0.378655	
v -3.09745	1.08159	-0.152333	
v -3.12819	1.02713	-0.475142	
v -3.28353	0.897082	-0.471731	
v -3.81287	0.0953749	0.207878	
v -3.91658	0.166079	-0.269863	
v -3.85926	0.0854513	0.209358	
v -4.21999	-0.0185891	-0.61311	
v -4.23587	0.122659	-0.841648	
v -4.30422	-0.0479631	-0.934637	
v -3.86399	0.077521	0.792277	
v -3.85612	0.0971117	1.22248	
v -3.8257	0.0895203	0.796607	
v -3.78407	0.048592	1.2299	
v -3.7729	5.78585e-05	1.23105	
v -3.75936	0.0448036	0.804097	
v -3.66031	0.0302305	-0.27206	
v -3.67091	0.0879142	-0.821506	
v -3.80622	0.125809	-0.244877	
v -4.25304	0.0841306	-1.14575	
v -4.31914	-0.021076	-1.27108	
v -4.30212	0.0367189	-1.05621	
v 0.9717	-0.580813	-2.40884	
v 0.981473	-0.590727	-2.52372	
v 0.890047	-0.728675	-2.40723	
v -1.82939	1.76363e-07	-1.08251	
v -1.47701	-0.420105	-1.1409	
v -1.58767	-0.398444	-1.12205	
v -1.75306	-0.407879	-1.06958	
v 2.0703	-0.061008	2.10399	
v 1.86089	-3.32282e-07	2.03953	
v 1.88088	-0.0288228	2.03021	
v 0.596117	-0.243247	1.79941	
v -0.0356398	-2.991e-07	1.83586	
v -3.45659	-0.84681	-1.37894	
v -3.33049	-0.882397	-1.5503	
v -3.35544	-0.902438	-1.40208	
v -3.23836	-0.871859	-1.53432	
v -3.247	-0.881768	-1.78178	
v -3.19993	-0.824757	-1.75504	
v -2.46231	-0.305309	-1.23361	
v -2.4871	-0.37549	-1.20886	
v -2.60587	-0.396387	-1.20918	
v 3.12378	-0.597115	2.50431	
v 3.11532	-0.633335	2.44599	
v -3.68271	0.359209	0.0777196	
v -3.62441	0.472409	0.102023	
v 2.72467	0.524049	2.28176	
v 2.70774	0.59872	2.22719	
v 2.65562	0.518601	2.24275	
v 2.19097	0.337586	1.70693	
v 2.27197	0.38297	1.52023	
v 2.01066	0.389522	1.38867	
v -2.4871	0.375491	-1.20886	
v -2.46231	0.305309	-1.23361	
v 0.146638	-1.05811	0.405503	
v 0.719299	-0.987512	0.72346	
v -2.85564	0.34108	-1.23514	
v 0.578152	-0.187325	1.83975	
v 0.573222	-3.05277e-07	1.87377	
v 1.07107	0.686248	-1.35738	
v 0.68244	0.742059	-1.54573	
v 0.747449	0.666081	-1.72449	
v 0.695049	0.663498	-1.54016	
v 2.17648	0.347616	0.508886	
v 2.39515	0.32997	0.767102	
v 2.41331	0.305086	0.712694	
v 2.65594	-1.16694e-07	0.716265	
v -1.15727	0.539967	1.62423	
v -1.59344	0.690384	1.54232	
v -1.53488	0.641056	1.64064	
v 3.34084	-0.523629	1.95493	
v 3.32956	-0.517445	2.08458	
v 3.30265	-0.508804	1.93837	
v 2.92421	-0.547172	1.53279	
v 2.86332	-0.517179	1.5069	
v 3.02455	-0.531152	1.32227	
v 1.96379	-0.222877	-0.212566	
v 2.11448	-0.232757	0.116166	
v 1.91798	-0.275379	-0.144054	
v 1.44071	0.528825	-0.70444	
v 1.32932	0.619265	-0.636029	
v 1.46118	0.571142	-0.606578	
v 1.11476	0.889287	-0.691831	
v 1.12486	0.7552	-0.790332	
v 1.09107	0.847536	-0.818278	
v 1.0813	0.723518	-0.94565	
v 1.09794	0.55172	-0.871564	
v 1.13723	0.607323	-0.750937	
v 1.14989	0.792833	-0.670469	
v -3.51157	-3.0301e-07	1.85986	
v -3.50149	0.103832	1.90225	
v -3.5289	0.119872	1.94598	
v 2.27704	-0.26742	2.03581	
v 2.32907	-0.325447	1.92709	
v 2.51188	-0.272113	2.22822	
v 2.60649	-0.310782	2.30017	
v 2.68781	-0.452867	2.29053	
v 2.68345	-0.315659	2.34704	
v -3.5563	0.103798	1.9897	
v -3.76942	0.0561302	1.87551	
v -3.57636	0.0599235	2.0217	
v -1.22656	-0.689929	-1.12001	
v -1.11119	-0.474925	-1.15551	
v -1.10049	1.95164e-07	-1.19791	
v -3.13406	-0.688216	-2.3951	
v -3.28143	-0.733441	-2.31244	
v -3.1908	-0.725211	-2.23496	
v -1.28752	1.23598	0.738537	
v -1.62067	1.05643	1.05004	
v -1.47002	0.965482	1.12859	
v -1.22202	0.641056	1.49231	
v -0.804982	0.458653	1.6088	
v 3.87215	0.20781	1.66762	
v 4.00276	0.211144	1.58258	
v 3.83946	0.280188	1.55102	
v 3.52713	0.12082	1.04114	
v 3.49119	-0.000271105	1.05374	
v 3.27963	0.158608	0.991262	
v 3.87258	0.17591	1.11526	
v 3.98875	0.149604	1.09686	
v 3.85847	0.116509	1.08641	
v -2.9172	-0.832256	-0.92752	
v -3.04353	-0.776247	-1.13973	
v -2.76703	-0.607884	-1.07925	
v -2.88356	-0.500631	-1.18375	
v -2.79976	-0.513245	-1.17451	
v -3.57725	-0.460245	0.303606	
v -3.61606	-0.362499	0.494999	
v -3.67242	-5.30251e-08	0.325466	
v -3.66104	0.290474	0.318876	
v -3.64594	-9.03352e-08	0.554473	
v -3.63274	-0.271227	0.742034	
v -3.63935	-1.24305e-07	0.76298	
v -3.41446	0.770978	-0.622216	
v -3.45009	0.746302	-0.780292	
v -3.46368	0.610338	-0.780858	
v -3.5069	0.566763	-0.882223	
v -3.60063	0.642242	-1.11474	
v -2.15107	0.712462	-0.871312	
v -2.37382	0.792548	-0.736456	
v -2.15037	0.77047	-0.704561	
v -2.72824	0.814021	-0.730156	
v 2.6696	-0.580814	2.16372	
v 2.70113	-0.538928	2.04351	
v 2.73028	-0.616284	2.05091	
v 2.56656	0.388748	1.08803	
v 2.58865	0.326148	0.92917	
v 2.3444	0.381185	0.964602	
v 2.59916	0.26277	0.84173	
v 2.81732	0.156218	0.897745	
v 2.62256	0.208357	0.769831	
v -1.66518	-0.929407	1.19397	
v -1.96063	-0.884599	1.54876	
v -1.96179	-0.969547	1.32018	
v -2.10406	-0.937763	1.54138	
v -2.33511	-0.896313	1.53854	
v 1.07933	0.711103	-2.06252	
v 1.09296	0.659245	-2.17503	
v 1.12657	0.717364	-2.16745	
v 1.02929	0.605509	-2.19113	
v 0.9717	0.580814	-2.40884	
v 1.08078	0.568515	-2.35127	
v 1.30634	0.807136	-2.45423	
v 1.40171	0.85868	-2.58669	
v 1.26778	0.878943	-2.44239	
v 0.96871	0.921289	-2.4008	
v 1.05723	0.93592	-2.3737	
v 1.01505	0.994383	-2.52917	
v 1.108	0.797701	-2.18479	
v 2.76878	0.288906	2.48344	
v 2.78996	0.382235	2.48448	
v 2.75243	0.337257	2.37971	
v 2.75547	0.855045	2.22867	
v 2.76775	0.992572	2.24954	
v 2.73263	0.844309	2.17347	
v 2.80386	0.771336	2.30544	
v 2.89698	0.746094	2.34935	
v 2.80171	0.864103	2.30679	
v 0.727742	1.0502	-0.198704	
v 0.549833	0.955114	-0.461619	
v 0.695412	0.961443	-0.69382	
v 0.863943	0.951214	-0.864901	
v 0.704406	0.926325	-0.881966	
v -3.71954	-0.0481712	-0.676963	
v -3.87173	0.227266	-0.674263	
v -3.75608	0.0970589	-0.971463	
v -3.87855	0.0961106	-1.13536	
v -3.9307	-0.0148344	-1.10465	
v -4.01303	0.188384	-0.441486	
v -3.95386	0.243576	-0.5426	
v -4.02429	0.2406	-0.789287	
v -4.0042	0.155754	-1.10528	
v -3.9307	-0.0148344	-1.10465	
v 0.880917	-0.340088	1.73254	
v 0.912502	-0.532531	1.59119	
v 1.1908	-0.435903	1.60685	
v 1.01063	-0.857837	1.06689	
v -1.09498	0.326831	-1.18886	
v -1.10451	0.775405	-0.991687	
v -0.714649	0.915937	-0.852084	
v 0.741091	-0.711146	-1.75394	
v 0.793627	-0.77645	-1.96834	
v 0.760498	-0.75114	-1.74738	
v 0.997745	-0.758838	-1.9156	
v 1.04889	-0.796466	-2.05785	
v 1.0259	-0.694535	-1.91576	
v -3.43162	0.725792	-1.7776	
v -3.43372	0.740385	-1.98541	
v -3.33638	0.716082	-1.9621	
v -3.247	0.881768	-1.78178	
v -3.05083	1.02621	-2.38798	
v -3.06022	1.14289	-2.53628	
v -3.10407	0.917413	-2.22863	
v -3.0836	0.837071	-2.21129	
v -2.98725	0.868468	-2.33279	
v -3.61281	-0.514987	1.58921	
v -3.61848	-0.267125	1.789	
v -3.77854	0.178354	1.50763	
v -3.77861	-2.54759e-07	1.5637	
v -3.76249	-2.80053e-07	1.71896	
v -3.7505	-0.065338	-0.0948959	
v -3.73263	-0.0161797	0.205314	
v -3.76659	-0.0433813	0.206402	
v -3.78741	-0.0775455	0.800928	
v -3.75936	-0.0448039	0.804097	
v -3.81452	-0.084121	1.22676	
v 2.56673	0.360815	2.17351	
v 2.68743	0.462678	2.02826	
v 2.6502	0.407312	2.03094	
v 0.731177	1.01794	-0.353108	
v 1.0423	1.00361	-0.188374	
v 1.02929	-0.605509	-2.19113	
v 1.18882	-0.674093	-2.29354	
v 1.08078	-0.568514	-2.35127	
v 0.956599	-0.800303	-2.06967	
v 1.34914	-0.674132	-2.56524	
v 1.40171	-0.858679	-2.58669	
v 1.23655	-0.617329	-2.617	
v 1.01505	-0.994382	-2.52917	
v 0.96871	-0.921288	-2.4008	
v 0.962991	-0.935706	-2.56774	
v 0.376763	0.366007	-0.921496	
v 0.693868	0.524925	-0.974453	
v 3.75427	0.305754	1.58451	
v 3.64498	0.365804	1.73776	
v 3.67002	0.281552	1.81454	
v 3.6898	0.101069	2.00604	
v 3.61864	0.176239	2.09088	
v 3.18006	0.484495	1.92084	
v 3.16459	0.487688	2.04488	
v 3.29515	0.5092	2.0932	
v 3.63961	0.276946	2.01555	
v 3.6091	0.260549	2.09905	
v 3.66496	0.177908	2.00592	
v -3.22112	0.895809	-1.40749	
v -3.1899	0.912662	-1.21786	
v -3.11189	0.846245	-1.23445	
v -2.98282	0.913339	-0.945514	
v -3.06495	0.940991	-0.933491	
v 1.86738	-0.288578	-0.227241	
v 1.83962	-0.23984	-0.423831	
v 1.78317	-0.279694	-0.72735	
v 1.72526	-0.299034	-0.815874	
v 1.72276	1.36254e-07	-0.836321	
v -2.38075	0.938489	-0.26694	
v -2.20181	1.09152	-0.0860947	
v -2.15554	0.988562	-0.279762	
v -1.81293	1.22272	-0.429666	
v 3.11506	0.30437	2.40659	
v 3.07765	0.258497	2.47172	
v 3.0616	0.296469	2.47543	
v 3.08939	0.417308	2.43311	
v -2.92797	-0.998645	-2.48623	
v -3.00158	-0.959081	-2.39206	
v -2.95292	-1.16008	-2.66537	
v -3.0053	-0.908485	-2.69319	
v -2.87035	-1.1265	-2.62908	
v 4.35864	0.147954	1.28149	
v 4.30319	0.21019	1.26421	
v 4.36603	0.157597	1.34425	
v 4.03489	0.160809	1.63185	
v 3.88064	0.17053	1.73377	
v 0.727742	-1.0502	-0.198704	
v 0.549833	-0.955114	-0.461619	
v 0.714935	-0.811485	-1.38868	
v 0.634418	-0.747434	-1.39271	
v 0.735067	-0.782827	-1.55101	
v 0.571674	-0.822584	-0.835218	
v 0.465582	-0.639092	-0.769856	
v 0.593413	-0.80311	-1.01202	
v 0.86779	0.828894	-2.11513	
v 0.807314	0.830863	-2.12873	
v 0.793627	0.776451	-1.96834	
v 1.56784	-0.4899	1.22635	
v 1.60321	-0.606951	0.948528	
v 1.66089	-0.518592	0.969435	
v 1.69688	-0.604357	0.406824	
v 1.64932	-0.72929	0.402149	
v 1.62269	-0.67016	0.203209	
v -1.72074	-0.469946	-1.05567	
v -1.57158	-0.577117	-1.11064	
v -1.68691	-0.57896	-1.02468	
v -1.57286	-0.612568	-1.06845	
v -1.45667	-0.757396	-0.932683	
v -3.34615	-0.830452	1.0413	
v -3.25286	-0.660783	1.76551	
v -2.94274	-0.73785	1.69766	
v -3.27256	-0.476183	1.87681	
v 0.719299	0.987512	0.72346	
v 0.137416	0.998882	0.689557	
v 0.122296	0.841754	1.006	
v -0.199522	1.05668	0.667659	
v 3.55508	0.236497	1.05225	
v 1.09296	-0.659244	-2.17503	
v 0.886568	-0.567275	-1.71723	
v -2.73744	1.10908	0.622981	
v -2.57116	1.06809	-0.211555	
v -2.36674	1.07618	-0.0735777	
v -2.58439	0.950256	-0.417168	
v -2.29316	-0.289966	-1.20796	
v -2.39122	-0.258879	-1.21765	
v -2.41666	1.92256e-07	-1.18006	
v 4.20135	0.285244	1.26413	
v 4.19405	0.25902	1.21531	
v 4.13155	0.29975	1.25811	
v 4.15137	0.107926	1.08476	
v 4.22953	0.0609058	1.11076	
v 4.13032	-0.000832364	1.07662	
v -3.32352	0.950348	-2.27142	
v -3.33581	0.974473	-2.40852	
v -3.36375	0.90567	-2.31557	
v -3.62441	-0.472409	0.102022	
v -3.54983	-0.613328	-0.238225	
v -3.53082	-0.565239	0.109242	
v -3.30723	-0.843182	-0.691488	
v -3.16611	-0.954852	-0.69575	
v -4.39856	-0.159789	-1.32789	
v -4.28393	-0.126626	-1.09939	
v -4.38027	-0.110209	-1.17342	
v -4.21478	-0.0588689	-0.664794	
v 0.401642	-0.843699	-0.412882	
v 0.473173	-0.860261	-0.427107	
v 1.54254	-0.820606	0.194079	
v 1.57791	-0.863208	0.396049	
v 1.44814	-0.953575	0.580509	
v 1.54976	-0.80926	0.746616	
v 1.40907	-0.873775	0.815806	
v -2.17618	-1.01872	0.923015	
v -1.90855	-1.27274	0.349092	
v -2.16583	-1.15496	0.39766	
v 2.04131	-0.320207	0.239995	
v 0.956599	0.800304	-2.06967	
v 1.04889	0.796467	-2.05785	
v 0.952022	0.812748	-1.55293	
v 0.89547	0.840932	-1.40719	
v 0.962362	0.84339	-1.38562	
v 0.465582	0.639092	-0.769855	
v 0.350331	0.571693	-0.75131	
v 0.373182	0.693254	-0.656738	
v 0.130163	0.700139	-0.655209	
v 1.84871	7.14992e-08	-0.438859	
v 1.83962	0.239841	-0.423831	
v 1.91172	0.220467	-0.277232	
v 1.79805	0.363201	-0.168285	
v 1.75332	0.329516	-0.414396	
v 1.62955	0.448526	-0.329709	
v -2.56333	-0.55771	-1.10785	
v -2.60587	-0.396387	-1.20918	
v -2.4871	-0.37549	-1.20886	
v 3.54339	-0.427571	1.63556	
v 3.64498	-0.365804	1.73776	
v 3.57456	-0.408997	1.83505	
v 4.06736	-0.09583	1.6718	
v 4.13656	-0.0933044	1.63266	
v 4.13064	-0.00066795	1.6414	
v -3.31424	1.00834	-2.49934	
v -3.26387	1.05542	-2.61159	
v -3.25041	0.888276	-2.66143	
v -3.03119	0.944223	-2.3146	
v -3.00158	0.959082	-2.39206	
v -2.87035	1.1265	-2.62908	
v -2.78037	0.978387	-2.63052	
v -2.95292	1.16008	-2.66537	
v -3.25757	-1.04099	-2.44464	
v -3.2065	-1.11409	-2.57301	
v -3.01499	-0.7938	-2.33737	
v -3.06022	-1.14289	-2.53629	
v -2.82995	-1.07699	-2.59065	
v -2.88547	-0.926847	-2.49807	
v -2.90186	-0.794841	-2.49231	
v -2.78037	-0.978386	-2.63052	
v -2.83832	-0.793844	-2.60909	
v -1.78118	0.611053	1.72877	
v -1.83623	0.760473	1.66082	
v -1.98645	0.827452	1.68986	
v -2.11408	0.995195	1.28245	
v -1.96179	0.969546	1.32018	
v -2.17618	1.01872	0.923016	
v -3.72017	0.0209842	0.204922	
v 1.4878	0.54632	1.21175	
v 1.36475	0.503471	1.41586	
v 1.51135	0.699461	0.991697	
v -3.08988	1.84224e-07	-1.13076	
v -2.85564	-0.341079	-1.23514	
v -2.91492	-0.376845	-1.22351	
v 3.42551	0.537427	2.0721	
v 3.41129	0.485245	2.12924	
v 3.50384	0.482521	2.09765	
v 3.41709	0.239042	2.27544	
v 3.33838	0.311652	2.30613	
v 3.34558	0.000236683	2.30696	
v -3.9058	0.0523418	1.61589	
v -3.91786	-2.6335e-07	1.61643	
v -3.73742	-0.0972283	1.86044	
v -3.82781	-0.104699	1.61244	
v -3.6937	-0.112281	1.83984	
v -3.78407	-0.0485925	1.2299	
v -3.78278	-0.0906916	1.61044	
v 0.730529	0.580838	-1.37965	
v 0.691226	0.576701	-1.08101	
v -2.47181	-1.07224	0.690873	
v -2.28188	-1.09888	0.565727	
v -2.35621	-1.03999	0.716512	
v -2.29673	-1.1599	0.137372	
v -2.49644	-1.18506	0.0532321	
v -2.36674	-1.07618	-0.073578	
v 0.79606	-0.507018	-0.969958	
v -0.448662	-0.690694	1.32475	
v -0.804982	-0.458653	1.6088	
v -0.815932	-0.589692	1.46917	
v -1.22202	-0.641057	1.49231	
v -1.45667	0.757397	-0.932683	
v -1.57286	0.612568	-1.06845	
v -1.66511	0.673174	-0.959338	
v -1.75306	0.407879	-1.06958	
v -1.09691	0.983612	-0.889776	
v 1.35673	-0.957281	-2.54681	
v 1.30634	-0.807135	-2.45424	
v 1.26778	-0.878942	-2.44239	
v 1.17412	-0.82452	-2.27077	
v 1.21398	-0.748764	-2.28895	
v 1.12657	-0.717363	-2.16745	
v 1.14778	-1.02319	-2.49244	
v 1.24514	-1.04037	-2.62153	
v 1.32007	-1.00679	-2.58524	
v 1.19762	-0.788783	-2.64934	
v -1.09532	1.10599	-0.809143	
v -0.688764	1.17519	-0.593979	
v 1.16402	-0.660328	-0.649393	
v 1.14989	-0.792833	-0.67047	
v 1.12486	-0.7552	-0.790332	
v 1.06125	-0.814649	-0.960601	
v 1.09107	-0.847536	-0.818278	
v 1.00917	-0.900396	-0.868051	
v 1.65101	-0.555383	0.0778549	
v 1.61052	-0.566864	-0.0664171	
v 1.77303	-0.439667	-0.0458974	
v -1.54768	-1.26031	-0.592339	
v 1.78581	1.20887e-07	-0.742001	
v 1.72526	0.299034	-0.815874	
v 1.46496	0.407076	-0.899941	
v 1.49018	0.325398	-0.972576	
v 1.3866	0.416249	-0.903188	
v -2.15218	0.654019	-0.936273	
v -2.00283	0.51012	-0.972595	
v -2.23998	0.338249	-1.17172	
v -3.15057	0.654121	-1.29723	
v -3.09011	0.739659	-1.27371	
v -2.95681	0.631385	-1.07757	
v -3.04353	0.776247	-1.13973	
v -2.9172	0.832257	-0.92752	
v 2.59587	-0.438908	2.17336	
v 2.6502	-0.407313	2.03094	
v 2.68743	-0.462679	2.02826	
v 2.73633	-0.685837	2.21237	
v 2.76583	-0.748107	2.2183	
v 2.78218	-0.711771	2.27659	
v 2.89493	-0.494535	2.30951	
v 2.79481	-0.487234	1.96087	
v 2.84966	-0.777631	2.01193	
v 2.84213	-0.772449	1.90299	
v 2.89698	-0.746094	2.34935	
v 2.87915	-0.849458	2.39808	
v 2.93981	-0.888479	2.4093	
v 2.80386	-0.771336	2.30544	
v 2.80171	-0.864103	2.30679	
v 2.73647	-1.01761	2.1439	
v 2.84371	-1.03184	1.94359	
v 2.80255	-1.1487	2.08661	
v 2.97421	-0.738885	2.36367	
v 2.94549	-0.641991	2.3157	
v 2.84655	-0.919779	2.38151	
v 2.85912	-1.04604	2.44029	
v 2.90803	-0.925348	2.42057	
v 2.84093	-0.831009	2.1795	
v 2.9032	-0.80252	2.24633	
v 2.84573	-0.951442	2.21458	
v 2.92262	-0.961351	2.37008	
v 2.94708	-0.572003	2.23947	
v -4.17107	0.118479	-1.15361	
v -4.08622	0.034803	-1.23462	
v -4.29364	-0.0211147	-1.2844	
v -3.95059	-0.125634	-0.88292	
v -3.87447	-0.0686764	-0.942456	
v -3.80718	-0.0850303	-0.782145	
v 3.15405	0.627983	2.59251	
v 3.176	0.67704	2.65142	
v 3.10744	0.637863	2.6399	
v 2.90483	0.414352	2.58018	
v 2.84288	0.416621	2.54189	
v 2.42155	0.403151	1.60243	
v 3.9544	-0.299334	1.21987	
v 4.0618	-0.325969	1.29161	
v 3.96185	-0.306766	1.30557	
v 3.75427	-0.305755	1.58451	
v 3.83946	-0.280188	1.55102	
v 3.74052	-0.23568	1.74807	
v -3.32348	-0.90701	-1.40784	
v -3.27966	-0.933316	-1.20303	
v -3.37664	-0.9163	-1.17558	
v -2.86472	-1.06232	-0.378655	
v -3.14285	-0.950822	-0.891329	
v -0.638512	1.28302	0.3719	
v -1.10587	1.41697	0.24781	
v -1.19746	1.3345	0.520488	
v -1.56118	1.30845	0.508484	
v -1.59775	1.22725	0.726644	
v 1.44814	0.953575	0.580509	
v 1.59435	0.854426	0.543161	
v 1.57791	0.863208	0.396049	
v 1.62269	0.67016	0.203209	
v 1.54254	0.820606	0.194079	
v 4.21553	-0.000895276	1.12023	
v 4.22953	-0.0609062	1.11076	
v 0.77887	-0.694284	-1.98462	
v 0.783214	-0.701343	-2.16305	
v -3.64409	-0.568761	-0.460085	
v -3.39231	-0.690592	-0.429207	
v -3.41638	-0.660884	-0.609341	
v -3.38126	-0.81	-0.45546	
v 1.58937	-0.402755	-0.843864	
v 1.46496	-0.407075	-0.899941	
v -3.034	1.0184	1.0062	
v -2.82044	1.05475	1.07324	
v -2.58776	0.986476	1.26472	
v -3.5278	0.72929	-1.61511	
v -3.57134	0.711485	-1.38244	
v -3.56141	0.785019	-1.38028	
v -3.59389	0.760701	-1.11334	
v 3.69122	-0.352126	1.41125	
v 3.49661	-0.44334	1.62198	
v 3.52025	-0.425563	1.41121	
v 3.11797	-0.50321	1.79121	
v 3.18006	-0.484495	1.92084	
v 3.10274	-0.495445	1.86788	
v -1.54108	1.42373	0.0809567	
v -1.10315	1.43313	-0.120975	
v -1.56111	1.37563	-0.363031	
v 0.962991	0.935707	-2.56774	
v 0.975213	0.768569	-2.61759	
v 0.917297	0.888629	-2.45551	
v 1.12185	0.570261	-2.46371	
v 1.13749	0.590476	-2.62047	
v 1.23655	0.61733	-2.617	
v -3.53082	0.565239	0.109242	
v -3.66083	0.547027	-0.247079	
v -3.64409	0.568761	-0.460085	
v -0.995858	-0.817969	1.2161	
v -0.199522	-1.05668	0.667658	
v -0.387291	-0.914979	1.03098	
v 2.84966	0.777631	2.01193	
v 2.84213	0.772449	1.90299	
v 2.82327	0.918559	1.90955	
v 2.62488	0.508416	2.18	
v 2.70113	0.538927	2.04351	
v 2.59587	0.438907	2.17336	
v 2.83666	1.01196	2.06569	
v 2.8218	0.987637	2.156	
v 2.83149	0.893719	2.00766	
v 2.9221	0.650811	2.06132	
v 2.81661	0.883747	2.10728	
v 2.84573	0.951441	2.21458	
v 2.79481	-0.487234	1.96087	
v 2.84095	-0.4833	1.85191	
v 2.91124	-0.450104	1.97249	
v 2.90237	-0.500414	1.76839	
v 2.81755	-0.494603	1.72938	
v -2.20181	-1.09152	-0.086095	
v -2.15554	-0.988562	-0.279762	
v -1.88072	-0.753235	-0.721757	
v -2.09342	-0.755926	-0.711398	
v 1.53165	-0.826538	0.0132329	
v 3.54339	0.427571	1.63556	
v 3.34295	0.413646	1.17049	
v 3.57576	0.341621	1.1708	
v 3.32942	0.341815	1.10966	
v 3.52713	-0.12082	1.04114	
v 3.68735	-0.183923	1.06994	
v 3.55508	-0.236497	1.05225	
v -3.48269	0.320168	1.8943	
v -3.24613	0.183095	1.94557	
v -2.90519	0.0565802	1.97421	
v 2.94584	0.634829	2.63244	
v 3.01388	0.696209	2.65372	
v 3.00445	0.761751	2.61348	
v 2.87891	0.519467	2.36619	
v 2.96551	0.44542	2.27349	
v 2.8115	0.443455	2.33558	
v 3.27333	0.792305	2.52275	
v 3.13477	0.789809	2.51529	
v 3.1035	0.8061	2.57879	
v 3.00463	0.752287	2.55071	
v 3.01254	0.750109	2.49626	
v 3.19949	0.657313	2.61837	
v -3.66031	0.0302305	-0.27206	
v -3.55308	-0.342304	-0.880612	
v -3.29812	-0.537863	-1.05191	
v 0.807745	0.819367	-2.17662	
v 0.785929	0.680543	-2.26963	
v 0.783214	0.701344	-2.16305	
v 0.825657	0.594197	-1.69116	
v -1.73099	-0.797541	1.37358	
v -1.42077	-0.705645	1.38375	
v -1.59344	-0.690385	1.54232	
v -3.24351	-0.710439	-2.56755	
v 0.130163	-0.700139	-0.655209	
v 0.382405	-0.753487	-0.544797	
v 2.77245	-0.450641	1.69418	
v 2.78027	-0.444274	1.84069	
v 2.76598	-0.395967	1.9366	
v 2.84095	-0.4833	1.85191	
v 3.10366	-0.800178	2.64006	
v 3.1035	-0.8061	2.57879	
v 3.26858	-0.673586	2.62737	
v 2.9139	-0.676895	2.58999	
v 2.94584	-0.63483	2.63244	
v 2.83219	-0.549742	2.52401	
v -3.37939	0.691202	-1.59761	
v -3.29254	0.714828	-1.76046	
v -3.30201	0.699118	-1.59618	
v -1.45608	0.984377	-0.843936	
v 2.98006	0.486449	2.33164	
v 0.965091	0.58346	-1.44792	
v 0.947063	-0.613729	-2.26859	
v 0.867824	-0.702882	-2.30347	
v 0.813455	-0.590214	-2.25364	
v 0.785929	-0.680543	-2.26963	
v 0.796515	-0.824723	-2.25593	
v 0.783214	-0.701343	-2.16305	
v -2.00283	-0.510119	-0.972595	
v -2.13964	-0.342478	-1.1172	
v -1.98141	-0.301675	-1.05935	
v 1.19762	-0.788783	-2.64934	
v -3.6495	0.236381	0.963228	
v -3.66772	0.243009	1.07511	
v 0.812168	0.559384	-1.04546	
v 0.695412	-0.961442	-0.69382	
v 0.895195	-1.01197	-0.546287	
v 0.732556	-0.988692	-0.54648	
v -2.39296	-1.18924	0.385317	
v -2.88533	-1.12841	0.165885	
v 2.86054	0.656143	2.30968	
v 2.94549	0.64199	2.3157	
v 3.02698	0.776527	2.30531	
v 2.97093	0.879726	2.34652	
v 2.93981	0.888479	2.4093	
v 2.85912	1.04604	2.44029	
v 2.84098	1.15977	2.38156	
v 2.79481	1.16327	2.4131	
v -1.00994	0.693583	-1.10558	
v -0.719846	0.67405	-1.05257	
v -1.11119	0.474925	-1.15551	
v -0.73304	0.469104	-1.12065	
v -0.241166	0.566366	-0.915003	
v 1.91172	-0.220467	-0.277232	
v 1.92842	4.80464e-08	-0.294907	
v -2.17912	-1.0885	0.611736	
v -2.16668	-1.04754	0.75054	
v -3.6875	-2.38107e-07	1.45865	
v -3.76685	0.266872	1.34404	
v -3.69334	-2.19878e-07	1.3496	
v -3.0053	-0.908485	-2.69319	
v -2.9624	-0.737036	-2.66084	
v 3.74617	0.305019	1.18994	
v 3.76125	0.323424	1.2459	
v 3.55088	0.424653	1.34919	
v 3.56719	0.386256	1.26805	
v 3.34159	0.474581	1.26169	
v -2.60587	0.396388	-1.20918	
v -2.71438	0.416201	-1.22524	
v -1.18146	-0.373265	1.70492	
v -1.45807	-0.246827	1.78252	
v -2.42277	-0.193102	1.87723	
v -1.84782	0.445807	1.78137	
v -2.12337	0.365407	1.83079	
v -1.82991	0.225436	1.82147	
v -1.4069	0.127957	1.81209	
v -1.38331	-2.89458e-07	1.84749	
v -1.1147	-2.99272e-07	1.83692	
v -1.80431	0.112788	1.86007	
v -2.0721	0.102342	1.87644	
v -1.79168	-2.96641e-07	1.89158	
v -1.82991	-0.225437	1.82147	
v -2.09785	-0.208551	1.84183	
v -1.84782	-0.445807	1.78137	
v -2.47471	0.806497	-0.747289	
v -2.5967	0.809671	-0.571364	
v -2.43934	0.817858	-0.581317	
v -2.36508	0.814272	-0.554826	
v -2.36652	0.812182	-0.397045	
v -2.15501	0.794628	-0.490161	
v 1.1563	0.906507	-2.34414	
v 1.14778	1.02319	-2.49244	
v 1.23977	0.949681	-2.44622	
v 1.24514	1.04037	-2.62153	
v -2.78997	-1.06946	0.922585	
v -2.82044	-1.05475	1.07324	
v -3.12201	-0.94835	1.29906	
v -3.20508	-0.792891	1.60056	
v 2.74208	0.773639	2.02739	
v 2.80255	1.1487	2.08661	
v 2.73647	1.01761	2.1439	
v -3.78278	0.0906911	1.61044	
v -3.81452	0.0841206	1.22676	
v -3.78741	0.0775452	0.800928	
v 3.37968	0.512654	2.07776	
v 3.35647	0.516443	1.95419	
v 3.44215	0.480256	1.78808	
v 3.48877	0.458392	1.78584	
v 3.49661	0.443339	1.62198	
v 3.61864	-0.17624	2.09088	
v 3.53376	-0.189337	2.17769	
v 3.33838	-0.311653	2.30613	
v 3.20204	-0.215804	2.38224	
v 3.25174	-0.397573	2.27598	
v 3.16035	0.000439872	2.44795	
v 3.25041	-0.118024	2.36504	
v 3.41709	-0.239042	2.27544	
v 2.96551	-0.44542	2.27349	
v 2.98006	-0.48645	2.33164	
v 2.83235	-0.541032	2.4534	
v 2.92159	-0.683737	2.52117	
v -2.91492	0.376845	-1.22351	
v -3.13163	0.372786	-1.13609	
v -2.93593	0.428558	-1.21403	
v -2.06591	-2.99368e-07	1.90831	
v -2.38672	-3.01348e-07	1.92047	
v -2.0721	-0.102343	1.87644	
v 1.49743	-0.431553	1.45127	
v 1.4878	-0.546321	1.21175	
v -3.19454	-0.814248	-1.9596	
v -3.22557	-0.87855	-1.95945	
v -3.1692	-0.916174	-2.10168	
v -3.27092	-0.920006	-2.11352	
v 1.33505	0.170646	1.85759	
v 2.08161	-3.44724e-07	2.1159	
v -3.48269	-0.320168	1.8943	
v -3.5289	-0.119872	1.94598	
v -3.51157	-3.0301e-07	1.85986	
v -3.47407	7.71134e-05	1.8585	
v -2.13964	-0.342478	-1.1172	
v -2.23998	-0.338249	-1.17172	
v 0.123467	0.613468	-0.722182	
v 0.36593	0.485884	-0.860344	
v 0.115033	0.485328	-0.856144	
v -3.43496	0.93908	-2.22046	
v -3.36878	0.948606	-2.15897	
v -3.37248	0.929896	-2.27679	
v -3.21685	1.01693	-2.3208	
v -3.20704	0.931899	-2.23828	
v -3.08689	1.01999	-2.32619	
v -2.95681	-0.631385	-1.07757	
v 2.58865	-0.326148	0.92917	
v 2.77302	-0.337611	1.04244	
v 2.75062	-0.418567	1.24529	
v 2.81755	-0.494603	1.72938	
v 1.71769	0.348216	1.52986	
v 1.97041	0.320274	1.62656	
v 1.20099	-0.839374	-2.34822	
v 1.1563	-0.906507	-2.34414	
v 1.28473	-0.459926	1.54682	
v 1.46808	-0.356268	1.62112	
v 1.37369	-0.287635	1.75539	
v 1.33505	-0.170647	1.85759	
v 1.63376	-0.141268	1.90944	
v 1.64032	-3.20778e-07	1.96892	
v 0.578152	0.187324	1.83975	
v 1.31694	-3.08271e-07	1.89216	
v 1.0813	-0.723518	-0.94565	
v 1.07149	-0.468185	-0.963044	
v 1.09794	-0.55172	-0.871564	
v 0.812168	-0.559384	-1.04546	
v 0.999859	-0.516225	-0.968821	
v -2.88356	0.500631	-1.18375	
v -2.92798	0.48018	-1.18914	
v 1.40907	0.873775	0.815806	
v -3.32135	-0.684055	-2.1598	
v -3.28143	-0.733441	-2.31244	
v -3.42868	-0.709926	-2.29749	
v -3.46201	-0.82105	-2.20689	
v -3.45902	-0.800255	-2.31346	
v -3.44735	-0.944435	-2.29976	
v -3.43162	-0.725792	-1.7776	
v -3.53675	-0.65187	-1.37478	
v -3.57134	-0.711485	-1.38244	
v -3.50185	-0.587123	-1.17043	
v 2.74665	-0.90344	2.04754	
v -4.00225	0.0121396	-0.0979635	
v -4.05901	0.142327	-0.368978	
v -4.20522	0.0876287	-0.608325	
v 0.952022	-0.812748	-1.55293	
v 0.916392	-0.788077	-1.71101	
v 0.972561	-0.753656	-1.7056	
v 0.930631	-0.749834	-1.93277	
v 0.691226	-0.576701	-1.08101	
v 0.730529	-0.580837	-1.37965	
v 0.646868	-0.662428	-1.38314	
v 2.97421	0.738884	2.36367	
v 2.94708	0.572002	2.23947	
v -2.15107	-0.712462	-0.871312	
v -1.99484	-0.706269	-0.816991	
v -1.96122	-0.619705	-0.940386	
v -2.80413	0.382903	-1.43502	
v -2.86838	0.367444	-1.43222	
v -2.84654	0.430121	-1.46407	
v -3.77171	0.227822	1.44147	
v -3.76685	0.266872	1.34404	
v -3.6875	-2.37645e-07	1.45865	
v 1.57618	-0.563918	-0.145627	
v 1.55171	-0.678482	-0.0930187	
v 1.48507	-0.632144	-0.243532	
v -2.92797	0.998645	-2.48623	
v -2.88547	0.926848	-2.49807	
v -3.13406	0.688217	-2.3951	
v -3.0888	0.689969	-2.50755	
v -3.01499	0.793801	-2.33737	
v -2.90186	0.794841	-2.49231	
v -2.9624	0.737037	-2.66084	
v -2.83832	0.793845	-2.60909	
v 1.29147	0.675129	-2.44847	
v 1.18882	0.674094	-2.29354	
v 0.809893	0.773528	-1.72369	
v 0.838353	0.796922	-1.96292	
v 0.888261	0.760876	-1.9352	
v 0.863377	0.790593	-1.72341	
v 0.916392	0.788077	-1.71101	
v -3.23632	0.606065	-1.27567	
v -3.29812	0.537863	-1.05191	
v -3.35844	0.590229	-1.18914	
v -3.43745	0.54199	-0.963218	
v -3.44592	0.370309	-0.977443	
v -2.93064	-0.332826	1.90709	
v -3.46604	-0.580896	1.7163	
v 0.350331	-0.571693	-0.75131	
v 0.123467	-0.613468	-0.722183	
v 0.115033	-0.485327	-0.856144	
v -0.706825	-0.728675	-0.96392	
v -3.7665	0.0853884	0.206392	
v -3.73257	0.0581529	0.205314	
v -3.85612	-0.0971121	1.22248	
v -3.87284	-0.0906577	1.61444	
v -0.193101	1.14828	0.0401977	
v 0.145462	0.929044	-0.168387	
v -2.09342	0.755926	-0.711398	
v -1.83944	0.937444	-0.67164	
v -0.0129719	0.590089	1.38451	
v -2.39296	1.18924	0.385317	
v -2.49644	1.18506	0.0532325	
v -2.68773	1.17536	0.2782	
v -2.88533	1.12841	0.165885	
v 1.05063	-0.963954	0.815365	
v 1.09971	-1.06087	0.608078	
v -3.46679	0.813992	-2.02846	
v -3.46201	0.821051	-2.20689	
v -3.45902	0.800256	-2.31346	
v -3.74711	0.307438	1.24906	
v -3.75738	0.422365	1.50721	
v -3.73255	0.483232	1.37265	
v -3.61281	0.514987	1.58921	
v 0.818346	0.53811	-1.37202	
v -2.12595	-0.510734	-1.03517	
v -2.28451	-0.411827	-1.17163	
v -2.23998	-0.338249	-1.17172	
v -1.10451	-0.775405	-0.991687	
v -1.00994	-0.693582	-1.10558	
v 0.975213	-0.768568	-2.61759	
v 0.962991	-0.935706	-2.56774	
v 0.895722	-0.744182	-2.49886	
v -3.15057	-0.65412	-1.29723	
v -3.022	-0.600356	-1.14518	
v 2.78166	-0.397738	2.40101	
v 2.81829	-0.480151	2.43994	
v 2.87891	-0.519468	2.36619	
v 3.34159	-0.474581	1.26169	
v 3.57576	-0.341622	1.1708	
v 3.18833	-0.460961	2.16621	
v 3.29515	-0.509201	2.0932	
v 3.16459	-0.487689	2.04488	
v -2.25196	1.15044	0.401376	
v -2.29673	1.1599	0.137373	
v 1.90384	0.143057	1.98169	
v 2.08567	0.124841	2.07632	
v 2.27704	0.267419	2.03581	
v 2.51188	0.272112	2.22822	
v 2.5596	0.373148	2.02753	
v -1.72074	0.469946	-1.05567	
v -1.57158	0.577117	-1.11063	
v -1.58767	0.398444	-1.12205	
v -1.47701	0.420106	-1.1409	
v -1.33842	0.647332	-1.13441	
v 2.74208	-0.77364	2.02739	
v 2.82327	-0.91856	1.90955	
v -3.15674	1.02424	0.39648	
v 1.24119	-0.4475	-0.88785	
v 1.07149	-0.468185	-0.963044	
v 1.23599	-0.363157	-0.9654	
v 3.28384	-0.680602	2.55854	
v 3.29113	-0.69233	2.52096	
v 3.2222	-0.668965	2.50336	
v 3.02698	-0.776528	2.30531	
v 2.96531	-0.779533	2.25947	
v 2.959	-0.723291	2.19983	
v 0.624161	-0.624229	1.49346	
v -0.0422587	-0.388985	1.61448	
v -0.0129717	-0.590089	1.38451	
v -0.396276	-0.530427	1.46318	
v 3.07857	0.538148	1.66309	
v 3.00419	0.43522	2.14871	
v 2.91779	0.491873	1.86044	
v 2.84095	0.4833	1.85191	
v 2.79481	0.487233	1.96087	
v 1.3224	0.853521	-0.258333	
v 1.23779	0.838764	-0.358585	
v 1.18036	0.820775	-0.580451	
v 1.22408	0.726779	-0.466695	
v 1.18252	0.692228	-0.582802	
v 1.59546	0.458237	-0.564111	
v 1.46398	0.595193	-0.538293	
v 1.59464	0.469317	-0.41443	
v -3.33987	-0.811669	-0.81673	
v -3.48225	-0.821786	-1.15662	
v -3.59389	-0.760701	-1.11334	
v -3.48899	-0.748049	-0.881497	
v -3.29446	-1.00189	-2.36282	
v -3.32352	-0.950348	-2.27142	
v -3.36375	-0.90567	-2.31557	
v -3.6269	0.368281	0.313897	
v -3.7001	0.285118	0.0743617	
v -3.87447	-0.0686764	-0.942456	
v -3.28255	0.363738	-1.06913	
v 3.23412	-0.82378	2.58806	
v 3.34982	-0.819813	2.64349	
v -3.77854	-0.178354	1.50763	
v -3.77171	-0.227822	1.44147	
v 4.27213	0.220249	1.47426	
v 4.30485	0.145181	1.53667	
v 4.3508	0.150726	1.49047	
v 4.36911	-0.000924354	1.47105	
v 4.32339	-0.000866304	1.53945	
v 4.38279	-0.105575	1.48601	
v -1.66518	0.929407	1.19397	
v -1.73099	0.797541	1.37358	
v -3.29254	0.714828	-1.76046	
v -3.29643	0.711021	-1.96917	
v -3.21443	0.770393	-1.97292	
v -3.12064	0.778952	-2.21887	
v 3.96271	-0.266384	1.16244	
v 3.87258	-0.175911	1.11526	
v 3.98875	-0.149604	1.09686	
v 1.12263	1.06106	0.0686767	
v 0.812168	0.559384	-1.04546	
v -0.878676	-0.224547	1.74	
v -0.410283	-0.362238	1.62998	
v -0.453844	-0.243155	1.71362	
v 2.24295	-0.216485	0.299934	
v 2.97278	-0.454357	2.10403	
v 2.98068	-0.455402	2.17388	
v 2.9407	-0.517977	2.15689	
v 2.94974	-0.45262	2.03447	
v 3.01406	-0.676029	2.14087	
v 3.0145	-0.656042	2.10818	
v -3.65062	-0.318421	-0.747376	
v -3.63044	-0.47865	-0.751179	
v -3.48006	-0.645392	-0.446852	
v 0.842238	0.596011	-2.1407	
v -3.28243	-0.64558	-1.44804	
v 1.22408	-0.726779	-0.466695	
v 1.27723	-0.743263	-0.364885	
v 1.21796	-0.854233	-0.436895	
v 1.3224	-0.853521	-0.258333	
v 1.37655	-0.708475	-0.285835	
v 1.48859	-0.789407	-0.0921236	
v -1.78118	-0.611054	1.72877	
v -1.83623	-0.760474	1.66082	
v -2.527	0.740617	-0.928749	
v -3.48851	0.802224	0.273932	
v -3.52321	0.628757	0.0801872	
v -3.54983	0.613328	-0.238224	
v -3.41967	0.668718	-0.246217	
v -3.48006	0.645392	-0.446852	
v -3.39231	0.690593	-0.429206	
v -2.10406	0.937763	1.54138	
v -1.96063	0.884598	1.54876	
v -3.0053	0.908486	-2.69319	
v -2.44483	-0.423603	-1.2027	
v -2.28243	-0.369694	-1.30928	
v -2.29316	-0.289966	-1.20796	
v -3.84339	0.0709989	0.499035	
v -3.80816	0.0819337	0.502992	
v 2.81938	-1.09092	2.12729	
v 0.36593	-0.485884	-0.860344	
v 2.76465	1.12707	2.30123	
v -1.87893	1.04352	1.10656	
v 3.26858	0.673585	2.62737	
v 3.26027	0.692639	2.66792	
v 3.10366	0.800177	2.64006	
v 2.90871	0.566671	2.28536	
v -2.71438	0.416201	-1.22524	
v -2.60587	0.396388	-1.20918	
v -2.76276	0.363428	-1.23918	
v 2.81013	-0.501604	2.29489	
v 2.83857	-0.595832	2.28838	
v 2.75321	-0.626866	2.26847	
v -0.199943	-0.644298	-0.817001	
v -1.33842	-0.647332	-1.13441	
v -1.10451	-0.775405	-0.991687	
v -0.189918	-1.12139	-0.163713	
v -0.193101	-1.14828	0.0401972	
v -0.644913	-1.32775	-0.0536244	
v -2.93593	-0.428558	-1.21403	
v -3.23389	-0.918913	-0.843922	
v 1.11476	-0.889287	-0.691831	
v 1.00284	-0.971801	-0.665012	
v 0.863943	-0.951214	-0.864902	
v 0.866817	-0.981575	-0.698934	
v 0.704406	-0.926325	-0.881967	
v -0.649084	1.24012	0.507231	
v -0.199614	1.11272	0.494375	
v -0.218372	1.14272	0.352048	
v 0.698126	1.53472e-07	-0.942002	
v 3.0616	-0.29647	2.47543	
v 2.99233	-0.289667	2.52919	
v 3.00532	-0.396693	2.54742	
v 3.15368	-0.642209	2.52412	
v 3.21471	-0.66581	2.53416	
v 3.16885	-0.654121	2.48654	
v 2.90483	-0.414353	2.58018	
v 2.89237	-0.284369	2.56004	
v 1.09737	0.772483	-2.65022	
v -1.83498	-1.10264	-0.580519	
v 4.00866	-0.287451	1.19512	
v 4.04659	-0.313931	1.2518	
v 3.95537	-0.264405	1.50257	
v 4.07081	-0.269307	1.47956	
v 4.00276	-0.211144	1.58258	
v -3.43545	0.950566	-2.17256	
v -3.59564	0.583122	-0.624993	
v -3.63044	0.47865	-0.751179	
v -3.55308	0.342304	-0.880612	
v 0.587737	-0.673503	-1.16265	
v 0.68244	-0.742059	-1.54573	
v -3.6205	1.27346e-07	-0.781647	
v -3.71944	0.281166	-0.590839	
v -3.65062	0.318421	-0.747376	
v -3.5563	-0.103799	1.9897	
v -3.57636	-0.0599242	2.0217	
v -3.37234	-0.11037	2.02191	
v -3.1654	-1.13457	-2.67035	
v -2.70342	-1.15505	0.43538	
v -2.3977	-1.12459	0.544491	
v 0.732556	0.988692	-0.54648	
v 0.895195	1.01197	-0.546286	
v 0.866817	0.981575	-0.698934	
v 1.0517	0.987594	-0.535705	
v 1.16447	0.938049	-0.435608	
v 1.15602	0.897416	-0.559645	
v 2.84655	0.919778	2.38151	
v 2.90803	0.925347	2.42057	
v 2.79755	1.04447	2.36293	
v 0.691226	-0.576701	-1.08101	
v 0.818346	-0.538109	-1.37202	
v 0.984739	-0.566646	-1.32843	
v -2.45768	0.396112	-1.33562	
v -2.44009	0.346339	-1.35317	
v 2.78166	0.397737	2.40101	
v 2.81829	0.48015	2.43994	
v 2.87792	0.562688	2.40114	
v 2.93689	0.689286	2.46743	
v 3.03735	0.672811	2.41925	
v 2.83235	0.541032	2.4534	
v 2.9139	0.676894	2.58999	
v 2.86384	0.520875	2.59059	
v 1.34914	0.674133	-2.56524	
v -3.41967	-0.668718	-0.246218	
v -3.52321	-0.628757	0.080187	
v 1.05235	-1.01486	-2.62651	
v 0.975213	-0.768568	-2.61759	
v 1.09737	-0.772482	-2.65022	
v 3.6091	-0.260549	2.09905	
v 3.63961	-0.276947	2.01555	
v 3.70741	-0.000179325	1.99713	
v 3.87649	-0.000372837	1.85909	
v 3.82836	0.10075	1.88193	
v 3.67002	-0.281553	1.81454	
v 3.68647	-0.241781	1.9115	
v 3.74217	-0.167884	1.88866	
v 3.6898	-0.10107	2.00604	
v 3.82836	-0.100751	1.88193	
v 3.87215	-0.20781	1.66762	
v 2.91779	-0.491874	1.86044	
v 3.00419	-0.435221	2.14871	
v -1.47002	-0.965483	1.12859	
v -1.28752	-1.23598	0.738536	
v -1.19746	-1.3345	0.520488	
v 3.52025	0.425563	1.41121	
v 3.33351	0.499392	1.40333	
v 3.35704	0.481277	1.51758	
v 3.15543	0.543204	1.54729	
v -2.55426	-1.04305	0.83051	
v 0.401642	0.8437	-0.412882	
v 0.373182	-0.693254	-0.656738	
v 0.481882	-0.71193	-0.71042	
v 0.450423	-0.770586	-0.587655	
v 0.557879	-0.924927	-0.597516	
v 2.5013	-0.203785	2.27819	
v 2.26085	-0.151932	2.14131	
v 2.48566	-0.12639	2.31391	
v -1.10587	-1.41697	0.247809	
v 1.32344	-0.639122	1.2675	
v 0.995732	-0.725918	1.32154	
v 1.25496	-0.558736	1.44197	
v -2.13419	0.906192	-0.426787	
v -3.46667	0.697081	-1.59155	
v 1.48859	0.789407	-0.0921234	
v 1.37655	0.708475	-0.285834	
v 1.35488	0.878589	-0.129094	
v 3.07186	-0.508393	2.52696	
v 3.06218	-0.600685	2.61328	
v 3.11655	-0.583136	2.56513	
v 3.19949	-0.657314	2.61837	
v 3.10744	-0.637864	2.6399	
v 3.176	-0.677041	2.65142	
v -3.75063	0.278572	-0.245047	
v 2.89395	0.875289	2.29208	
v 2.88342	0.98934	2.31075	
v 2.89954	0.962298	2.3547	
v 2.92262	0.96135	2.37008	
v 2.88201	1.05176	2.38655	
v 1.07149	0.468185	-0.963044	
v 1.1717	1.58869e-07	-0.97513	
v 1.24119	0.447501	-0.88785	
v 1.35642	0.641318	-0.570595	
v 4.28035	-0.199435	1.2093	
v 4.23236	-0.269079	1.27801	
v 4.19405	-0.25902	1.21531	
v 4.12422	-0.287886	1.21829	
v 4.20135	-0.285244	1.26413	
v 4.13155	-0.29975	1.25811	
v -2.69029	-0.747323	-0.93875	
v -2.62277	-0.81432	-0.754871	
v 1.7079	-0.369215	-0.688352	
v -2.41666	1.92256e-07	-1.18006	
v 1.80572	0.541158	0.440979	
v 2.01317	0.385157	0.387441	
v 1.98803	0.454768	0.513724	
v -2.71438	-0.416201	-1.22524	
v -3.6317	0.285109	0.530721	
v 2.81044	-1.15137	2.21846	
v 2.78543	-1.22215	2.20221	
v 2.75485	-1.2235	2.34166	
v 2.76465	-1.12707	2.30123	
v -3.14285	0.950822	-0.891329	
v -3.23389	0.918913	-0.843922	
v 2.80122	-1.21139	2.31721	
v 2.84371	1.03184	1.94359	
v -1.90003	-1.21298	0.618601	
v -1.42077	0.705645	1.38375	
v 0.693868	-0.524925	-0.974453	
v 0.569158	-0.591947	-0.958728	
v 2.95247	0.662907	2.10109	
v 2.79481	0.487233	1.96087	
v 2.73028	0.616284	2.05091	
v -3.71246	-0.354013	0.959967	
v -3.60568	-0.713503	0.711112	
v -3.67167	-0.587762	0.988107	
v -3.71969	-0.518195	1.2246	
v -3.50006	-0.746297	1.01632	
v -3.55314	-0.64263	1.30066	
v 2.50304	0.43688	1.36758	
v 2.70585	0.454468	1.46265	
v 2.75062	0.418567	1.24529	
v 2.89779	0.341873	1.08743	
v 2.77302	0.33761	1.04244	
v 2.76598	0.395966	1.9366	
v 2.61956	0.425229	1.67521	
v 2.77245	0.45064	1.69418	
v 2.78761	0.458566	1.45514	
v 2.87792	-0.562689	2.40114	
v -3.51375	0.467294	1.82361	
v -4.21606	-0.0939668	-0.871332	
v -4.03592	-0.109779	-1.02872	
v -2.13419	-0.906192	-0.426787	
v 1.63832	0.305242	-0.91119	
v 1.58937	0.402755	-0.843864	
v 2.96531	0.779532	2.25947	
v 2.959	0.72329	2.19983	
v 2.88198	0.722231	2.19232	
v -3.33802	0.863891	-2.5427	
v -3.18649	0.699312	-2.6422	
v -2.39122	0.25888	-1.21765	
v 2.78761	-0.458566	1.45514	
v 2.94905	-0.463966	1.27729	
v 2.86332	-0.517179	1.5069	
v 0.127739	-1.03862	0.533929	
v 0.155149	-1.04711	0.110016	
v -2.32015	0.335462	-1.33498	
v 0.888261	-0.760875	-1.9352	
v 0.838353	-0.796921	-1.96292	
v 0.86779	-0.828894	-2.11513	
v 0.917297	-0.888629	-2.45551	
v 0.895722	-0.744182	-2.49886	
v 0.693868	-0.524925	-0.974453	
v 1.20099	0.839374	-2.34822	
v 1.17412	0.82452	-2.27077	
v 1.01457	0.812202	-2.19445	
v 1.12358	0.90029	-2.28235	
v 1.00567	0.897222	-2.27696	
v 0.473173	0.860261	-0.427107	
v -4.36447	-0.162551	-1.24898	
v -4.34913	-0.038412	-1.28804	
v -3.12201	0.948349	1.29906	
v -3.20508	0.792891	1.60056	
v 3.44305	-0.788968	2.66241	
v 3.41276	-0.762342	2.68957	
v 3.40736	-0.667025	2.63684	
v -2.43934	-0.817857	-0.581317	
v -2.5967	-0.809671	-0.571364	
v -2.38075	-0.938489	-0.266941	
v -2.57116	-1.06809	-0.211555	
v 2.68345	0.315658	2.34704	
v 2.68781	0.452866	2.29053	
v 2.63459	0.431664	2.25755	
v 1.05235	1.01486	-2.62651	
v 1.19762	0.788784	-2.64934	
v 1.32007	1.00679	-2.58524	
v 0.809893	-0.773528	-1.72369	
v 0.786964	-0.803826	-1.54445	
v -3.40124	-0.916629	-2.00675	
v 3.72427	0.254776	1.14645	
v 3.68735	0.183923	1.06994	
v 3.80971	0.219156	1.13515	
v 3.87011	0.284223	1.1952	
v -4.36447	-0.162551	-1.24898	
v -3.891	-0.0979441	-0.457163	
v -3.92581	-0.124933	-0.69307	
v -4.03892	-0.129844	-0.820867	
v -4.13193	-0.101708	-0.665544	
v -4.17814	-0.127352	-0.976601	
v -4.00155	-0.138345	-0.615684	
v -4.04806	-0.114816	-0.509248	
v 2.81755	0.494602	1.72938	
v 2.86332	0.517178	1.5069	
v 2.46315	0.202797	0.593374	
v 2.30699	0.158013	0.26682	
v 1.86738	0.288578	-0.227241	
v 3.01834	0.502711	2.57287	
v 3.07186	0.508392	2.52696	
v 3.11655	0.583136	2.56513	
v 3.21471	0.66581	2.53416	
v -2.73157	0.480509	-1.19527	
v -2.75882	0.424978	-1.34723	
v -2.77101	0.47058	-1.32598	
v -0.189918	1.12139	-0.163713	
v 3.01406	0.676028	2.14087	
v 3.03645	0.706723	2.22908	
v 3.03645	-0.706724	2.22908	
v 3.01406	-0.676029	2.14087	
v 2.9407	-0.517977	2.15689	
v -2.16668	1.04754	0.750541	
v -2.28188	1.09888	0.565728	
v 0.86882	0.149623	1.84906	
v 0.86135	0.218454	1.8136	
v 1.11223	0.275277	1.78331	
v 1.1908	0.435903	1.60685	
v 1.15032	-1.09129	0.322901	
v 2.94905	-0.463966	1.27729	
v 2.99645	-0.405595	1.17068	
v 3.13348	-0.488115	1.2325	
v 3.34295	-0.413646	1.17049	
v 3.34982	0.819812	2.6435	
v 3.24181	0.833432	2.65081	
v 3.33502	0.792059	2.68527	
v 3.23493	0.791217	2.68543	
v 3.10499	0.743491	2.66566	
v 1.6969	0.605006	0.55412	
v 1.78792	0.548604	0.598527	
v -3.46604	0.580896	1.7163	
v 0.890047	-0.728675	-2.40723	
v 2.73998	-0.21006	2.49144	
v 2.73593	0.000831825	2.49882	
v 2.71563	-0.263859	2.41141	
v 2.57065	-0.196547	2.35108	
v 0.985102	0.592252	-2.05362	
v 0.910833	0.564349	-2.11596	
v 3.00445	-0.761752	2.61348	
v 3.01388	-0.69621	2.65372	
v -1.47701	-0.420105	-1.1409	
v -1.22656	-0.689929	-1.12001	
v -3.43919	0.831894	0.68933	
v 1.0423	-1.00361	-0.188374	
v 1.23779	-0.838764	-0.358585	
v 1.64707	0.750995	0.55396	
v 1.54976	0.809259	0.746617	
v 0.933452	0.591308	-1.92533	
v 1.00785	0.650695	-1.92907	
v 0.986476	0.617078	-1.68849	
v 1.0259	0.694536	-1.91576	
v -2.91532	-0.935388	1.43252	
v 0.671205	0.830375	-1.16992	
v 0.741091	0.711146	-1.75394	
v 0.760498	0.751141	-1.74738	
v 0.77887	0.694284	-1.98462	
v -3.44592	-0.370308	-0.977443	
v -4.11731	0.225035	-0.753439	
v -3.34623	-0.880587	-1.97904	
v -3.37248	-0.929896	-2.27679	
v 0.890047	0.728676	-2.40723	
v 0.872367	0.785968	-2.27172	
v 0.897711	0.85476	-2.36469	
v 0.908873	0.830636	-2.22757	
v 0.864442	0.810184	-2.23296	
v 3.56175	-0.290828	1.13486	
v 3.32942	-0.341815	1.10966	
v 3.05215	-0.330072	1.08585	
v 3.08676	0.529927	2.38977	
v 3.11532	0.633334	2.44599	
v 3.08679	0.530063	2.46716	
v 3.12378	0.597114	2.50431	
v 1.00785	-0.650695	-1.92907	
v 1.07933	-0.711102	-2.06252	
v 2.67817	-0.166432	0.733727	
v 2.62256	-0.208357	0.769831	
v 2.46315	-0.202798	0.593374	
v -2.36849	0.461484	-1.29929	
v -3.41446	-0.770978	-0.622216	
v 1.71769	-0.348216	1.52986	
v 1.75048	-0.416656	1.29095	
v -2.90103	-0.39707	-1.34601	
v -3.50149	0.103832	1.90225	
v -3.61794	0.0561931	1.80415	
v 3.08628	-0.226719	2.48416	
v 2.99526	-0.164187	2.54814	
v -3.43919	-0.831894	0.68933	
v -3.31567	-0.938034	0.353616	
v -3.26588	-0.979122	0.0706698	
v -1.66328	0.745813	-0.85701	
v 2.95247	-0.662907	2.10109	
v 2.82668	-0.776504	2.09688	
v -3.31758	-0.891522	-1.7838	
v -3.29954	-0.869546	-1.97662	
v -3.32135	0.684056	-2.1598	
v 1.05723	-0.935919	-2.3737	
v 0.935247	-0.882179	-2.31898	
v 0.908873	-0.830635	-2.22757	
v 0.872367	-0.785967	-2.27172	
v 2.97093	-0.879727	2.34652	
v 2.88342	-0.989341	2.31075	
v 2.89954	-0.962299	2.3547	
v 2.88191	-1.05546	2.34821	
v 0.669274	-0.833147	1.15987	
v 4.23236	0.269079	1.27801	
v 4.12405	0.29825	1.35059	
v 4.20931	0.272088	1.40206	
v 4.0323	0.267216	1.41	
v 4.04707	0.295695	1.35849	
v 3.89307	0.292115	1.35858	
v 3.96271	0.266384	1.16244	
v 4.01805	0.207868	1.14109	
v 4.04118	0.205434	1.17187	
v 4.12422	0.287886	1.21829	
v 2.1443	0.392309	0.594129	
v 3.63819	-0.338211	2.02149	
v 3.61446	-0.355702	2.07747	
v 4.12405	-0.29825	1.35059	
v 4.26362	-0.257061	1.33099	
v 4.20931	-0.272089	1.40206	
v 4.26597	-0.157621	1.39876	
v -3.37234	0.110369	2.02191	
v 0.912502	0.532531	1.59119	
v -2.11408	-0.995195	1.28245	
v 2.73457	0.760851	2.15778	
v -3.66772	0.243009	1.07511	
v -3.6495	0.236381	0.963228	
v -3.6583	-1.50353e-07	0.922861	
v -3.63274	0.271227	0.742035	
v 2.80414	0.252696	0.936021	
v 3.01797	0.140372	0.959463	
v 3.03634	0.000111131	0.962967	
v -3.60835	-2.9352e-07	1.80161	
v 2.75485	1.2235	2.34166	
v 2.80122	1.21139	2.31721	
v 1.41588	0.454744	-0.810566	
v 1.29942	0.567605	-0.720547	
v 1.26214	0.477905	-0.837966	
v 0.86882	-0.149624	1.84906	
v 0.85777	-3.05529e-07	1.87532	
v 2.63459	-0.431665	2.25755	
v 2.56673	-0.360816	2.17351	
v 2.5596	-0.373149	2.02753	
v -2.05179	-0.663899	-0.931352	
v 4.27365	0.152502	1.37478	
v 4.39856	0.0904056	1.40712	
v 4.31249	0.138732	1.36573	
v 4.3679	0.0760791	1.30529	
v 2.88198	-0.722231	2.19232	
v 2.84456	-0.673581	2.12558	
v 2.96013	-0.674016	2.14876	
v -3.31424	-1.00834	-2.49934	
v -3.34426	-0.848383	-2.45106	
v -3.33581	-0.974472	-2.40852	
v -3.36875	-0.822584	-2.34732	
v 2.67817	0.166432	0.733727	
v 2.49402	0.148941	0.522661	
v 1.03321	-0.579599	-2.59836	
v 1.13749	-0.590475	-2.62047	
v 1.35642	-0.641318	-0.570595	
v 1.37398	-0.678143	-0.451754	
v 1.18252	-0.692228	-0.582802	
v -1.82163	-0.295501	-1.07799	
v -3.25286	0.660783	1.76551	
v 1.59464	-0.469317	-0.41443	
v 1.46118	-0.571141	-0.606578	
v 1.59546	-0.458237	-0.564111	
v 1.74465	-0.338863	-0.56027	
v 1.81323	-0.262847	-0.563352	
v 1.12185	-0.570261	-2.46371	
v 4.10299	-0.217178	1.54419	
v 4.24284	-0.164473	1.56187	
v 4.218	-0.239715	1.49944	
v 4.27213	-0.22025	1.47426	
v -1.88811	0.608266	1.76381	
v -2.33511	0.896312	1.53854	
v -2.32187	0.962942	1.32472	
v 0.731177	-1.01794	-0.353108	
v 0.640089	-0.998655	-0.460937	
v 2.44153	-0.259301	0.654904	
v 2.46315	-0.202798	0.593374	
v 2.59916	-0.26277	0.84173	
v 1.07991	-0.980056	-0.414909	
v 0.919416	-1.01662	-0.405983	
v 0.723561	-0.998122	-0.443533	
v 0.79606	0.507018	-0.969958	
v -3.31758	0.891523	-1.7838	
v -3.29954	0.869547	-1.97662	
v -3.34623	0.880588	-1.97904	
v -3.27092	0.920007	-2.11352	
v -3.2832	0.957262	-2.25882	
v -3.1692	0.916174	-2.10168	
v -3.13566	0.830815	-2.10637	
v -3.44592	0.370309	-0.977443	
v -3.43745	0.54199	-0.963218	
v -3.85935	-0.0433523	0.209358	
v -3.86925	-0.0409621	0.496127	
v -3.89331	-0.016141	0.210447	
v -3.90573	0.0210229	0.210839	
v -3.86921	0.0410442	0.496136	
v -3.89325	0.0582739	0.210447	
v -2.90103	0.39707	-1.34601	
v -2.859	0.371697	-1.35425	
v -2.59054	0.879963	-0.494264	
v -2.37511	0.866648	-0.368237	
v -3.89202	-0.0447507	0.789112	
v -3.87869	-8.64245e-08	0.495067	
v -1.12888	-0.676542	-1.13775	
v 3.13348	0.488114	1.2325	
v 2.99645	0.405595	1.17068	
v 1.09737	0.772483	-2.65022	
v 1.19762	0.788784	-2.64934	
v 1.62639	1.4961e-07	-0.918298	
v 1.65101	0.555383	0.0778551	
v 1.61258	0.690147	0.0594691	
v 1.55171	0.678482	-0.0930185	
v 1.57618	0.563918	-0.145627	
v 1.48507	0.632144	-0.243532	
v -1.98645	-0.827452	1.68986	
v -1.88811	-0.608267	1.76381	
v -0.410283	0.362238	1.62998	
v 3.55447	-0.290204	2.17945	
v 3.46844	-0.351845	2.23988	
v 3.58366	-0.364159	2.14022	
v 3.45834	-0.446674	2.218	
v 3.42083	-0.403752	2.25265	
v 3.34226	-0.468379	2.2052	
v 3.34226	0.468378	2.2052	
v 3.45049	0.457288	2.18828	
v 3.45834	0.446673	2.218	
v 3.50559	0.410157	2.20672	
v 2.08567	-0.124841	2.07632	
v 1.90384	-0.143058	1.98169	
v 2.10598	-0.247868	1.93938	
v 2.15754	-0.286565	1.84264	
v 2.19097	-0.337586	1.70693	
v 1.92238	-0.250456	1.86321	
v 1.68426	-0.297195	1.66558	
v 1.94622	-0.285428	1.745	
v 1.97041	-0.320275	1.62656	
v 1.7346	-0.486769	0.174831	
v 1.71444	-0.553777	0.764625	
v 0.86658	-0.917456	-0.963025	
v 0.736349	-0.887259	-1.01687	
v 0.79264	-0.845765	-1.15471	
v 0.671205	-0.830374	-1.16993	
v 0.644898	-0.854271	-1.01496	
v 3.65267	-0.00040659	1.07761	
v -2.95884	1.06939	-2.49006	
v -3.50149	-0.103833	1.90225	
v -3.64997	-0.0972622	1.81924	
v -1.80431	-0.112789	1.86007	
v -1.1252	-0.156765	1.79653	
v 2.90871	-0.566671	2.28536	
v -3.23952	-0.711963	-2.09746	
v -3.29643	-0.71102	-1.96917	
v -3.18779	-0.761998	-2.07304	
v -3.21443	-0.770392	-1.97292	
v -3.21997	-0.758736	-1.74547	
v 2.83494	1.09109	2.28995	
v 0.0683959	-0.736214	1.19918	
v 2.95247	-0.662907	2.10109	
v 3.40737	-0.665128	2.57763	
v 3.32996	-0.680181	2.56475	
v -4.18516	-0.014578	-1.27627	
v -4.11332	-0.101205	-1.17744	
v 2.83446	0.420604	1.2192	
v 2.94905	0.463966	1.27729	
v 2.96645	0.377353	1.13727	
v 2.91124	0.450103	1.97249	
v 2.98068	0.455401	2.17388	
v 2.94974	0.452619	2.03447	
v 3.01406	0.676028	2.14087	
v 2.9407	0.517977	2.15689	
v 2.9221	0.650811	2.06132	
v 3.0145	0.656041	2.10818	
v 2.95247	0.662907	2.10109	
v 2.96013	0.674016	2.14876	
v -2.39122	-0.258879	-1.21765	
v 3.95537	0.264405	1.50257	
v 3.9165	0.277706	1.43449	
v 3.808	0.301535	1.48341	
v 3.74585	0.326879	1.52473	
v 3.69122	0.352125	1.41125	
v -1.47256	-0.64738	-1.12521	
v 2.8218	-0.987638	2.15599	
v 2.83666	-1.01196	2.06569	
v 2.81661	-0.883747	2.10728	
v 0.569158	-0.591947	-0.958728	
v 0.617078	-0.787032	-1.15391	
v -3.43545	-0.950565	-2.17256	
v -3.36878	-0.948606	-2.15897	
v 4.09556	-0.18746	1.13129	
v 4.06608	-0.136744	1.08778	
v 4.15137	-0.107926	1.08476	
v -3.38137	-0.0637126	2.05868	
v -2.90519	-0.0565808	1.97421	
v -2.68773	-1.17536	0.278199	
v -2.34989	0.976107	1.05238	
v -2.36382	1.00216	0.830762	
v -2.58961	1.01405	1.01667	
v -2.91594	0.433736	-1.33928	
v -2.9103	0.470353	-1.32163	
v -2.87879	0.484849	-1.31782	
v -3.34426	0.848383	-2.45106	
v -3.11577	0.892195	-2.69406	
v -3.07156	0.710179	-2.66432	
v -2.9624	0.737037	-2.66084	
v -3.0888	0.689969	-2.50755	
v -3.24351	0.71044	-2.56755	
v 1.78792	-0.548604	0.598527	
v 1.80572	-0.541158	0.440978	
v 1.98803	-0.454768	0.513724	
v -3.92813	-0.0485537	1.21506	
v -3.16486	0.723005	-1.43537	
v -3.15517	0.827868	-1.39765	
v 2.80053	0.254718	2.52636	
v 2.87548	0.000725374	2.56534	
v 2.87327	-0.114419	2.55129	
v 2.60649	0.310781	2.30017	
v 2.26085	0.151931	2.14131	
v -1.98141	0.301676	-1.05935	
v -1.93352	0.422626	-1.02352	
v -3.27966	0.933317	-1.20303	
v -3.37664	0.9163	-1.17558	
v -3.35544	0.902438	-1.40208	
v -3.45659	0.846811	-1.37893	
v 1.6969	-0.605006	0.55412	
v 1.64707	-0.750995	0.55396	
v -3.78114	-3.06458e-07	1.88103	
v 3.64679	0.292376	1.93965	
v 3.60686	0.351574	1.87572	
v 3.63014	0.343944	1.96021	
v 3.53523	0.449353	2.04805	
v 3.49501	0.521262	2.01642	
v 3.50357	0.493344	2.06762	
v -2.2792	0.679236	1.73168	
v 0.895722	0.744183	-2.49885	
v -4.0046	-0.0836272	-0.324106	
v -3.98076	-0.118609	-0.442338	
v 3.43677	0.730349	2.55431	
v 3.45933	0.752325	2.57103	
v -2.37511	-0.866648	-0.368238	
v -2.36652	-0.812182	-0.397046	
v -3.24415	-0.30589	1.92441	
v -3.51375	-0.467295	1.82361	
v -2.77719	1.07279	0.840376	
v -2.05179	0.663899	-0.931352	
v 1.86177	-0.361324	0.0211922	
v 1.72626	-0.465466	-0.108594	
v 1.56801	-0.53659	-0.277561	
v 3.25592	-0.523948	1.45223	
v 3.19388	-0.541173	1.33799	
v 0.571674	0.822585	-0.835218	
v 0.450423	0.770586	-0.587655	
v 0.557879	0.924927	-0.597516	
v 0.551459	0.86331	-0.726542	
v 0.607609	0.916663	-0.711373	
v 0.623798	0.900038	-0.854441	
v -3.83579	0.20258	-0.516134	
v -2.25196	-1.15044	0.401376	
v 4.3679	-0.0760795	1.30529	
v 4.33878	-0.000943683	1.32232	
v -2.527	-0.740617	-0.928749	
v 4.32335	-0.000943703	1.26817	
v -3.87284	0.0906572	1.61444	
v -3.8977	0.0840867	1.2182	
v 2.2826	-4.07548e-08	0.250151	
v -1.22656	0.68993	-1.12001	
v 3.85847	-0.116509	1.08641	
v -2.42771	-0.430222	-1.33125	
v -2.45768	-0.396112	-1.33562	
v -2.28907	-0.365484	-1.38836	
v -2.32586	-0.332094	-1.41341	
v -2.32015	-0.335462	-1.33498	
v -2.31401	-0.421876	-1.30922	
v -2.37939	-0.379753	-1.45437	
v -2.46001	-0.391249	-1.41405	
v -2.44286	-0.3427	-1.43116	
v 1.78317	0.279695	-0.72735	
v 1.81573	9.48268e-08	-0.582043	
v -3.38126	0.81	-0.45546	
v -3.26179	0.960315	-0.193261	
v -3.37725	0.855384	-0.20647	
v 1.22408	-0.726779	-0.466695	
v -2.28451	0.411827	-1.17163	
v -2.28243	0.369694	-1.30928	
v -2.31401	0.421877	-1.30922	
v -2.42771	0.430223	-1.33125	
v -2.38969	0.313409	-1.34185	
v -2.37939	0.379753	-1.45437	
v -2.43078	0.424528	-1.40978	
v -2.37302	0.45502	-1.37862	
v 3.33475	-0.800952	2.59782	
v 3.35165	-0.738135	2.53326	
v 3.43677	-0.73035	2.55431	
v 3.45933	-0.752326	2.57103	
v 1.03203	-0.642285	-2.0292	
v 0.985102	-0.592251	-2.05362	
v 0.933452	-0.591308	-1.92533	
v 0.897207	-0.596369	-1.91826	
v 0.910833	-0.564348	-2.11596	
v 0.842238	-0.596011	-2.1407	
v -3.25427	-0.700525	-2.45267	
v 2.98006	-0.48645	2.33164	
v -1.1252	0.156765	1.79653	
v -0.840332	0.127526	1.78994	
v 3.76656	0.0914314	1.08424	
v 3.83012	-0.000556578	1.09897	
v 3.73764	-0.000479163	1.09117	
v 3.48038	-0.495184	1.88233	
v 3.44933	-0.498933	1.83618	
v 3.504	-0.469409	1.83317	
v 3.48877	-0.458392	1.78584	
v 3.55104	-0.429913	1.85267	
v -3.46368	-0.610337	-0.780858	
v -3.59564	-0.583121	-0.624993	
v -3.74326	-0.391428	-0.443238	
v -3.48899	0.748049	-0.881497	
v -3.18649	-0.699311	-2.6422	
v -3.07156	-0.710178	-2.66432	
v 2.83446	-0.420604	1.2192	
v 0.796515	-0.824723	-2.25593	
v 0.807745	-0.819367	-2.17662	
v 0.864442	-0.810183	-2.23296	
v -2.58961	-1.01405	1.01667	
v -3.48143	0.0599913	1.87023	
v 1.23977	-0.94968	-2.44622	
v 0.382405	0.753487	-0.544796	
v 0.151897	0.775826	-0.532221	
v -1.93352	-0.422626	-1.02352	
v -3.73772	5.77971e-05	1.60844	
v 3.56175	-0.290828	1.13486	
v 3.72427	-0.254777	1.14645	
v 3.74617	-0.305019	1.18994	
v 3.92392	-0.278654	1.18689	
v 2.98561	0.574949	2.37887	
v 2.65562	-0.518602	2.24275	
v 2.70774	-0.598721	2.22719	
v 2.62488	-0.508417	2.18	
v -2.98282	-0.913339	-0.945514	
v -2.94972	-1.00268	-0.653811	
v -3.32348	0.90701	-1.40784	
v 3.03735	-0.672812	2.41925	
v 3.09014	-0.724834	2.4549	
v 3.01254	-0.75011	2.49626	
v 3.18256	-0.716454	2.48491	
v 3.13477	-0.78981	2.51529	
v -2.39369	0.310578	-1.42012	
v -2.44286	0.342701	-1.43116	
v -3.66115	-0.441782	0.694255	
v -3.66772	-0.24301	1.07511	
v -3.74031	-0.312291	1.15525	
v -3.7062	-1.85293e-07	1.13732	
v -3.7049	-1.98168e-07	1.21634	
v -3.74711	-0.307438	1.24906	
v 3.26764	-8.24135e-05	1.00799	
v 3.38805	-0.480644	1.61036	
v 3.44215	-0.480257	1.78808	
v 3.34924	-0.498062	1.82114	
v 3.40302	-0.508789	1.88387	
v -2.46001	0.391249	-1.41405	
v -2.44009	0.346339	-1.35317	
v -3.38333	-0.721244	-1.78303	
v -3.29254	-0.714828	-1.76046	
v -2.36508	-0.814272	-0.554827	
v -2.92798	-0.480179	-1.18914	
v -2.92579	0.1843	1.94572	
v -2.09785	0.20855	1.84183	
v 3.08861	0.44914	2.34327	
v -3.21473	-0.68077	-1.44675	
v 1.83364	-0.438429	0.261937	
v 1.65757	-0.60502	0.260118	
v 1.36496	-0.32848	-0.972527	
v -3.00131	-1.04224	0.592276	
v -2.73744	-1.10908	0.62298	
v -3.57725	0.460245	0.303606	
v 3.74585	-0.326879	1.52473	
v 3.808	-0.301535	1.48341	
v 3.89307	-0.292115	1.35858	
v 3.9165	-0.277706	1.43449	
v 3.34924	0.498062	1.82114	
v 3.31834	0.492202	1.63482	
v 0.890047	0.728676	-2.40723	
v 0.895722	0.744183	-2.49885	
v -3.30723	0.843182	-0.691487	
v 0.79264	0.845766	-1.15471	
v 0.795068	0.818187	-1.40407	
v 0.714935	0.811485	-1.38868	
v 0.735067	0.782827	-1.55101	
v 0.945461	0.837555	-2.21498	
v 1.66089	0.518591	0.969436	
v 1.71444	0.553776	0.764625	
v 1.60321	0.606951	0.948529	
v -2.62277	0.814321	-0.754871	
v -3.6317	-0.285109	0.530721	
v 2.88201	-1.05176	2.38655	
v 2.79481	-1.16327	2.4131	
v 2.84098	-1.15977	2.38156	
v -3.28243	0.645581	-1.44804	
v 0.878304	0.862192	-1.11045	
v 1.00284	0.971802	-0.665012	
v 3.55946	0.409974	1.98203	
v 3.543	0.451642	1.94741	
v 3.51861	0.510119	1.97659	
v 3.49569	0.490349	1.93605	
v 3.43368	0.50963	1.96124	
v 0.807314	-0.830863	-2.12873	
v 0.977835	-0.86493	-0.999632	
v 2.96551	0.44542	2.27349	
v -0.4562	-2.97625e-07	1.82681	
v 3.92392	0.278654	1.18689	
v 2.78672	0.183768	2.53508	
v 2.73998	0.21006	2.49144	
v 2.78276	0.00079795	2.53565	
v 2.78672	-0.183768	2.53508	
v -2.36382	-1.00216	0.830761	
v 0.607609	-0.916663	-0.711374	
v -3.47407	7.7125e-05	1.8585	
v -3.4941	0.762124	-1.79456	
v -3.39696	0.715714	-2.18453	
v -3.41494	-0.719309	1.57605	
v -3.38688	-0.767311	1.37652	
v -3.13406	0.688217	-2.3951	
v -3.1908	0.725212	-2.23496	
v 2.83149	-0.893719	2.00766	
v -3.0888	-0.689968	-2.50755	
v -3.18649	-0.699311	-2.6422	
v -3.24351	-0.710439	-2.56755	
v 2.88191	1.05546	2.34821	
v 2.80122	1.21139	2.31721	
v 2.9849	0.245293	0.985238	
v 3.31532	0.280822	1.01851	
v 3.06634	0.386488	1.14549	
v 0.897207	0.596369	-1.91826	
v -4.08459	0.200795	-1.0199	
v -4.1931	0.180981	-1.03597	
v 1.65264	-0.248526	1.79077	
v 3.09374	-0.545343	1.4316	
v 3.15543	-0.543205	1.54729	
v 2.99317	-0.557188	1.60332	
v 3.18726	-0.496403	1.72059	
v 3.18786	-0.473744	1.87316	
v 1.74465	0.338864	-0.56027	
v 1.23002	0.751373	-2.34283	
v 2.73633	0.685836	2.21237	
v 2.70664	0.644453	2.15422	
v 0.808882	0.620682	-1.94158	
v 4.31249	-0.138732	1.36573	
v 4.34246	-0.181615	1.40848	
v 4.3508	-0.150727	1.49047	
v -2.36849	-0.461483	-1.29929	
v -2.36134	-0.467681	-1.15765	
v 4.26362	0.25706	1.33099	
v 4.218	0.239714	1.49944	
v 4.13656	0.0933038	1.63266	
v 4.13501	0.158985	1.59271	
v 0.730529	0.580838	-1.37965	
v -3.45009	-0.746302	-0.780292	
v 0.897711	-0.85476	-2.36469	
v 0.867824	-0.702882	-2.30347	
v 3.06634	-0.386488	1.14549	
v 3.32942	-0.341815	1.10966	
v 2.9221	-0.650811	2.06132	
v -1.74266	-0.432976	1.7648	
v -3.7729	5.78639e-05	1.23105	
v -3.73772	5.77985e-05	1.60844	
v -3.74981	-0.0523907	1.60897	
v -3.61794	-0.0561937	1.80415	
v -3.73772	5.77971e-05	1.60844	
v 2.83219	0.549741	2.52401	
v 2.92159	0.683736	2.52117	
v 1.41588	-0.454744	-0.810566	
v 1.4936	-0.450776	-0.755181	
v 1.44071	-0.528825	-0.70444	
v 1.55142	-0.438211	-0.671278	
v 3.19388	0.541172	1.33799	
v 2.37063	0.347026	1.80235	
v 2.32907	0.325446	1.92709	
v 2.61614	0.40123	1.85571	
v -4.02305	0.231935	-0.950851	
v -3.19454	0.814248	-1.9596	
v -3.21997	0.758737	-1.74547	
v 1.03321	0.5796	-2.59836	
v 0.975213	0.768569	-2.61759	
v -2.59054	-0.879963	-0.494264	
v -3.06495	-0.94099	-0.933491	
v -3.1899	-0.912661	-1.21786	
v -3.15517	-0.827868	-1.39765	
v -3.62475	-0.431839	1.70332	
v -3.76863	-0.365088	1.60492	
v -0.714344	1.04227	-0.765104	
v 1.25496	0.558736	1.44197	
v 0.880917	0.340087	1.73254	
v -1.68691	0.578961	-1.02468	
v -1.81294	0.605586	-1.03043	
v -1.83863	0.379381	-1.0602	
v -1.83087	0.480576	-1.05725	
v 2.76775	-0.992573	2.24954	
v 2.79755	-1.04447	2.36293	
v -3.74031	0.312291	1.15525	
v 2.37063	-0.347026	1.80235	
v 2.61614	-0.401231	1.85571	
v 2.83494	-1.09109	2.28995	
v 2.83354	-1.15162	2.30342	
v 2.80982	-1.17921	2.25192	
v 2.82497	-1.18115	2.31422	
v 2.53641	0.000976996	2.38778	
v 1.7079	0.369215	-0.688352	
v 1.81323	0.262847	-0.563352	
v 1.86177	-0.361324	0.0211922	
v 2.98561	-0.57495	2.37887	
v 3.08861	-0.449141	2.34327	
v -3.76856	-0.0832111	-0.432361	
v -3.74215	-0.0659185	-0.591066	
v -2.75882	-0.424978	-1.34723	
v -2.71438	-0.416201	-1.22524	
v -2.77101	-0.47058	-1.32598	
v -2.87879	-0.484848	-1.31782	
v 1.36475	-0.503472	1.41586	
v -1.90056	0.510986	-1.02589	
v 3.50559	-0.410158	2.20672	
v 3.53523	-0.449354	2.04805	
v 3.50357	-0.493345	2.06762	
v 3.51889	-0.498875	2.01419	
v 3.03735	0.672811	2.41925	
v 2.98561	0.574949	2.37887	
v 1.41212	-0.959236	0.163906	
v 1.45246	-0.985668	0.339986	
v 0.808882	-0.620682	-1.94158	
v 0.747449	-0.666081	-1.72449	
v -2.66093	1.15823	0.0178636	
v 2.0703	0.0610073	2.10399	
v 1.88088	0.0288221	2.03021	
v -3.0053	0.908486	-2.69319	
v -2.96958	0.871085	-2.38667	
v -1.49722	-1.13995	-0.755761	
v 4.01805	-0.207868	1.14109	
v 0.99207	-0.699621	-1.7045	
v 1.01854	-0.752316	-1.50157	
v 1.05155	-0.683359	-1.47969	
v -3.32989	0.959469	-2.14004	
v -3.42868	0.709927	-2.29749	
v -3.23952	0.711964	-2.09746	
v -3.36875	0.822585	-2.34732	
v -3.28143	0.733442	-2.31244	
v -3.1908	0.725212	-2.23496	
v -3.9356	-0.0655993	-0.160481	
v -3.80456	-0.0720005	-0.100673	
v -3.83679	-0.0541274	-0.0870287	
v -3.81298	-0.0533194	0.207883	
v -3.87023	-0.0468069	-0.0707813	
v 2.90237	0.500413	1.76839	
v 2.86332	0.517178	1.5069	
v 2.81755	0.494602	1.72938	
v -2.73157	-0.480508	-1.19527	
v 0.77887	-0.694284	-1.98462	
v 2.96013	0.674016	2.14876	
v 0.897207	0.596369	-1.91826	
v -3.74711	0.307438	1.24906	
v 3.49711	0.435124	2.18601	
v 3.55991	0.394399	2.1432	
v 3.48918	0.44871	2.12549	
v 3.52833	0.421078	2.09925	
v 2.96013	-0.674016	2.14876	
v 2.84456	-0.673581	2.12558	
v 3.14475	-0.69068	2.66044	
v 2.9221	-0.650811	2.06132	
v -2.84654	-0.430121	-1.46407	
v -2.80413	-0.382903	-1.43502	
v -2.77065	-0.419408	-1.42537	
v -2.78255	-0.463893	-1.40465	
v -2.91841	-0.463666	-1.4004	
v -2.92391	-0.427948	-1.41762	
v -2.81937	-0.493794	-1.31126	
v -2.82972	-0.486542	-1.39028	
v -2.88769	-0.477813	-1.39668	
v 3.25041	0.118023	2.36504	
v 1.13749	-0.590475	-2.62047	
v 1.03321	-0.579599	-2.59836	
v -0.748644	-0.322877	-1.15224	
v 0.723561	0.998123	-0.443533	
v 0.919416	1.01662	-0.405982	
v 1.21796	0.854233	-0.436895	
v 4.27365	-0.152502	1.37478	
v 4.32618	-0.21412	1.31113	
v 4.30319	-0.210191	1.26421	
v -3.07156	-0.710178	-2.66432	
v 0.481882	0.71193	-0.71042	
v -4.11332	-0.101205	-1.17744	
v -3.9307	-0.0148344	-1.10465	
v -4.03592	-0.109779	-1.02872	
v 3.43568	-0.778565	2.61026	
v -3.22557	0.878551	-1.95945	
v -3.10244	-1.07949	0.0784016	
v -3.15674	-1.02424	0.396479	
v -2.91708	-1.08707	0.434166	
v -2.70342	1.15505	0.435381	
v -2.17912	1.0885	0.611736	
v 3.07857	-0.538149	1.66309	
v 2.97853	-0.539034	1.78745	
v -3.41638	0.660885	-0.609341	
v -2.40543	-0.116563	1.90065	
v 0.930631	0.749834	-1.93277	
v 0.867824	0.702882	-2.30347	
v 0.947063	0.61373	-2.26859	
v 0.813455	0.590215	-2.25364	
v 0.910833	0.564349	-2.11596	
v 0.99207	0.699621	-1.7045	
v -3.5087	0.800497	-1.57259	
v -3.41809	0.843903	-1.57211	
v 1.27723	0.743264	-0.364884	
v 1.37398	0.678143	-0.451753	
v 2.75321	0.626865	2.26847	
v 2.78218	0.71177	2.27659	
v 1.09794	-0.55172	-0.871564	
v 0.759327	0.586523	-1.51558	
v -3.94768	0.137435	-0.137348	
v -3.38137	0.063712	2.05868	
v 2.16142	0.169601	0.0454667	
v 1.91798	0.275379	-0.144054	
v 2.11448	0.232757	0.116166	
v 2.04131	0.320207	0.239995	
v -3.25427	-0.700525	-2.45267	
v 3.32996	0.68018	2.56475	
v 3.34561	0.67389	2.63011	
v 3.26764	-8.24367e-05	1.00799	
v -3.71954	-0.0481712	-0.676963	
v 2.15754	0.286565	1.84264	
v 2.10598	0.247867	1.93938	
v 1.94622	0.285428	1.745	
v 3.11506	-0.304371	2.40659	
v 4.04707	-0.295695	1.35849	
v 4.0323	-0.267216	1.41	
v 4.13209	-0.281224	1.44977	
v 2.87915	0.849457	2.39808	
v 0.0683959	0.736214	1.19918	
v 2.97208	-0.482009	1.97541	
v 3.49501	-0.521263	2.01642	
v 3.35647	-0.516444	1.95419	
v 3.04099	-0.502586	1.86113	
v 3.03317	-0.501802	1.94607	
v 3.08027	-0.474891	2.07495	
v 3.33475	0.800952	2.59782	
v 3.35851	0.782725	2.5518	
v 3.28987	0.7465	2.51828	
v 3.2222	0.668964	2.50336	
v 3.18256	0.716453	2.48491	
v 3.29113	0.692329	2.52096	
v 2.80414	-0.252696	0.936021	
v 2.31833	-0.412267	1.26246	
v 2.98561	-0.57495	2.37887	
v 2.93689	-0.689287	2.46743	
v 3.88506	0.296397	1.3124	
v 3.96185	0.306765	1.30557	
v 3.91614	0.288679	1.24211	
v 3.9544	0.299333	1.21987	
v 4.04659	0.313931	1.2518	
v 4.04701	0.294703	1.21125	
v -2.47471	-0.806497	-0.747289	
v 4.03692	-0.0601321	1.07254	
v 3.93619	0.0875268	1.08339	
v 3.95345	-0.000672701	1.07596	
v 2.9849	0.245293	0.985238	
v -3.12064	-0.778951	-2.21887	
v -3.68532	-1.69463e-07	1.04015	
v 1.37655	-0.708475	-0.285835	
v 1.46925	-0.622855	-0.434747	
v -3.84347	-0.0709507	0.499025	
v -3.80824	-0.0819339	0.502983	
v -3.74031	0.312291	1.15525	
v 3.87011	-0.284223	1.1952	
v 3.80971	-0.219156	1.13515	
v 0.695049	-0.663497	-1.54016	
v -3.13566	-0.830814	-2.10637	
v -3.41809	-0.843902	-1.57211	
v -3.56141	-0.785019	-1.38028	
v -3.10244	1.07949	0.0784019	
v 2.82327	-0.91856	1.90955	
v 1.14567	1.07653	0.211415	
v 1.18252	-0.692228	-0.582802	
v 1.43766	0.591671	1.20982	
v 2.92421	0.547172	1.53279	
v 2.97853	0.539034	1.78745	
v 1.00917	0.900396	-0.868051	
v 1.07991	0.980056	-0.414909	
v -2.37302	-0.455019	-1.37862	
v -2.43078	-0.424528	-1.40979	
v 2.89493	0.494534	2.30951	
v 2.78087	0.429869	2.31119	
v 2.7369	0.33912	2.35678	
v -3.21473	0.680771	-1.44675	
v -3.60568	0.713502	0.711112	
v -3.72871	9.65823e-08	-0.592818	
v 2.88342	0.98934	2.31075	
v 2.89395	0.875289	2.29208	
v 2.82668	0.776503	2.09688	
v 2.8428	0.749461	2.14084	
v 2.84456	0.67358	2.12558	
v 4.34508	-0.0648931	1.25796	
v -2.91841	0.463666	-1.4004	
v -2.92391	0.427949	-1.41762	
v 0.795068	-0.818186	-1.40407	
v -2.38969	-0.313408	-1.34185	
v -2.44009	-0.346339	-1.35317	
v 3.23412	0.823779	2.58806	
v 0.972561	0.753657	-1.7056	
v 0.997745	0.758839	-1.9156	
v -2.81937	0.493795	-1.31126	
v -2.79976	0.513245	-1.17451	
v 3.28987	-0.746501	2.51828	
v 3.27333	-0.792306	2.52275	
v 3.35851	-0.782726	2.5518	
v 1.18036	-0.820775	-0.580451	
v 1.16447	-0.938049	-0.435608	
v -3.15057	-0.65412	-1.29723	
v 0.981841	0.840172	-1.11254	
v 3.40736	0.667024	2.63684	
v -2.31987	-0.416384	-1.3883	
v 1.55171	-0.678482	-0.0930187	
v 1.61258	-0.690147	0.0594689	
v -3.23632	0.606065	-1.27567	
v -3.21473	0.680771	-1.44675	
v 2.99645	-0.405595	1.17068	
v -1.80509	0.764466	-0.759395	
v -3.95722	0.122398	-0.0840966	
v -3.6495	-0.236381	0.963228	
v 1.68426	0.297195	1.66558	
v 1.37369	0.287634	1.75539	
v 4.19592	0.177502	1.17635	
v 4.29794	0.108061	1.20043	
v 4.27501	0.0887461	1.15202	
v 4.26204	-0.000919475	1.16609	
v 4.29231	-0.000924309	1.22986	
v 4.31406	-0.0678736	1.21965	
v 3.38805	0.480644	1.61036	
v -3.46886	-0.77631	-0.922619	
v 2.78027	0.444273	1.84069	
v 1.59435	-0.854426	0.543161	
v -4.19786	-0.130642	-1.25015	
v -4.27385	-0.149691	-1.22241	
v 1.40137	0.952932	0.0364479	
v -1.90056	-0.510985	-1.0259	
v -3.30201	0.699118	-1.59618	
v -2.859	-0.371697	-1.35425	
v -2.79313	-0.387552	-1.35712	
v 1.77303	0.439667	-0.0458972	
v 1.61052	0.566864	-0.0664169	
v 1.46925	0.622855	-0.434746	
v 1.56801	0.536591	-0.277561	
v 2.9407	0.517977	2.15689	
v -3.74907	4.82511e-05	0.805258	
v -3.73776	-4.84694e-05	0.510903	
v -3.74718	0.0409184	0.509848	
v 0.947063	0.61373	-2.26859	
v 0.867824	0.702882	-2.30347	
v 3.43568	0.778564	2.61026	
v -2.97002	0.81374	-2.40608	
v -2.82972	0.486542	-1.39028	
v -2.78255	0.463893	-1.40465	
v -2.77065	0.419409	-1.42537	
v -3.48143	-0.0599919	1.87023	
v -1.83778	1.13897	0.852839	
v -3.44735	0.944436	-2.29976	
v 3.15368	0.642208	2.52412	
v 3.11797	0.50321	1.79121	
v 3.10274	0.495444	1.86788	
v -2.91594	-0.433735	-1.33928	
v 1.29147	-0.675128	-2.44847	
v 2.74565	0.289724	2.39067	
v 1.1424	0.151844	1.84846	
v 3.60686	-0.351574	1.87572	
v 3.58337	-0.371296	1.90877	
v 3.56748	-0.39017	1.94932	
v 3.06634	-0.386488	1.14549	
v 2.89779	-0.341873	1.08743	
v 2.96645	-0.377353	1.13727	
v -3.6269	-0.368281	0.313897	
v 0.167114	0.960542	-0.0729632	
v -2.46231	0.305309	-1.23361	
v -2.44009	0.346339	-1.35317	
v 3.01797	0.140372	0.959463	
v -3.63274	0.271227	0.742035	
v -2.55426	1.04305	0.83051	
v -1.47256	0.647381	-1.12521	
v 3.61446	0.355701	2.07747	
v 3.25201	-0.721752	2.6863	
v 1.05155	0.683359	-1.47969	
v -3.75897	0.269839	-0.435075	
v 0.465582	-0.639092	-0.769856	
v 0.623798	-0.900038	-0.854441	
v 2.81439	0.323874	2.533	
v 3.00158	0.218067	2.55333	
v 2.8868	0.184605	2.55041	
v 2.99526	0.164187	2.54814	
v 2.87327	0.114419	2.55129	
v 2.80125	0.223941	2.52338	
v 0.981473	0.590728	-2.52372	
v -1.66511	-0.673174	-0.959338	
v -2.31987	0.416385	-1.3883	
v -2.28907	0.365485	-1.38836	
v -2.32586	0.332095	-1.41341	
v 4.32618	0.214119	1.31113	
v 3.83012	-0.000556583	1.09897	
v 3.95345	-0.000672701	1.07596	
v 3.93619	-0.0875272	1.08339	
v 2.76878	-0.288907	2.48344	
v -1.74266	0.432975	1.7648	
v -1.45807	0.246827	1.78252	
v -0.862647	-0.327779	1.68784	
v 3.3213	0.729425	2.68679	
v 0.123467	-0.613468	-0.722183	
v 0.350331	-0.571693	-0.75131	
v -3.16611	0.954853	-0.69575	
v 3.46844	0.351845	2.23988	
v 3.58366	0.364158	2.14022	
v 3.55447	0.290203	2.17945	
v 0.877815	0.815913	-1.57951	
v 1.22964	0.694038	-2.36225	
v 2.80339	0.457748	2.50727	
v 1.66933	0.397307	-0.557028	
v 1.4936	0.450776	-0.75518	
v 1.65496	0.390499	-0.758567	
v 1.55142	0.438211	-0.671277	
v -2.07418	-0.73229	-0.821893	
v -3.9307	-0.0148344	-1.10465	
v -4.15303	-0.1397	-1.04378	
v 0.825657	-0.594196	-1.69116	
v 1.23002	-0.751372	-2.34283	
v 2.89954	-0.962299	2.3547	
v 2.94752	-0.881406	2.32359	
v 1.53165	0.826538	0.0132332	
v 2.70664	-0.644454	2.15422	
v 2.73457	-0.760852	2.15778	
v 2.73263	-0.844309	2.17347	
v 0.812168	0.559384	-1.04546	
v 2.62256	-0.208357	0.769831	
v 3.55088	-0.424654	1.34919	
v 3.33351	-0.499393	1.40333	
v 3.35704	-0.481278	1.51758	
v 1.96379	0.222877	-0.212566	
v 3.07765	-0.258498	2.47172	
v 3.00158	-0.218068	2.55333	
v 2.9032	0.802519	2.24633	
v -2.96958	-0.871084	-2.38667	
v -3.71954	-0.0481712	-0.676963	
v -2.32015	-0.335462	-1.33498	
v -2.38969	-0.313408	-1.34185	
v -1.83863	-0.37938	-1.0602	
v -1.83087	-0.480576	-1.05725	
v 1.62638	0.715617	0.701029	
v 1.53984	0.648309	0.983399	
v 1.66529	0.600695	0.707121	
v -3.29446	1.00189	-2.36282	
v 0.596117	0.243246	1.79941	
v 1.66529	-0.600695	0.70712	
v 3.28384	0.680601	2.55854	
v 2.80982	1.1792	2.25192	
v 2.82497	1.18115	2.31422	
v 2.83354	1.15162	2.30342	
v -0.862647	0.327778	1.68784	
v -3.66104	-0.290475	0.318876	
v 3.27963	-0.158608	0.991262	
v 3.03634	0.000111139	0.962967	
v 2.97208	0.482008	1.97541	
v 3.03317	0.501802	1.94607	
v 2.97128	0.514145	1.8856	
v 3.05601	0.519385	1.76979	
v 3.04099	0.502586	1.86113	
v 3.07993	0.486769	1.9521	
v 4.15603	-0.244331	1.5156	
v 4.17311	-0.176762	1.57879	
v -3.6269	0.368281	0.313897	
v 0.863377	-0.790593	-1.72341	
v 0.640089	0.998655	-0.460937	
v 0.630291	0.962139	-0.57838	
v 3.52833	-0.421078	2.09925	
v 3.49711	-0.435124	2.18601	
v 3.48918	-0.448711	2.12549	
v 3.50384	-0.482521	2.09765	
v 3.45811	-0.454812	2.13379	
v 3.42551	-0.537428	2.0721	
v 1.3866	-0.416249	-0.903188	
v 2.89415	-0.527233	2.28952	
v 2.86054	-0.656143	2.30968	
v -2.4871	0.375491	-1.20886	
v -2.78997	1.06946	0.922585	
v -3.39228	-0.887332	0.516951	
v -3.53807	-0.773484	0.503118	
v 3.05215	0.330072	1.08585	
v -2.07418	0.73229	-0.821892	
v 2.83857	0.595832	2.28838	
v 1.66933	-0.397307	-0.557028	
v 1.65496	-0.390499	-0.758568	
v -2.82995	1.07699	-2.59065	
v -3.73742	0.0972277	1.86044	
v 1.77303	-0.439667	-0.0458973	
v 3.87748	0.294602	1.2504	
v 3.77741	0.296547	1.36694	
v 3.45811	0.454811	2.13379	
v 3.39596	0.48045	2.17513	
v 3.38796	-0.497888	2.15369	
v 3.45049	-0.457289	2.18828	
v 2.75547	-0.855046	2.22867	
v 4.2346	0.176888	1.43148	
v 4.20204	0.259905	1.44751	
v 4.24284	0.164472	1.56187	
v 4.13209	0.281223	1.44977	
v 4.15603	0.24433	1.5156	
v 4.10299	0.217177	1.54419	
v 4.3286	-0.115247	1.53372	
v 4.30485	-0.145182	1.53667	
v 2.74665	0.903439	2.04754	
v -3.20649	-0.744889	-1.5773	
v -3.21997	-0.758736	-1.74547	
v -3.29643	-0.71102	-1.96917	
v -3.21473	-0.68077	-1.44675	
v 1.01854	0.752316	-1.50157	
v 2.76208	-0.250403	2.47974	
v 2.74565	-0.289725	2.39067	
v 2.7369	-0.33912	2.35678	
v 1.35673	0.957282	-2.54681	
v 0.691226	0.576701	-1.08101	
v 1.01457	-0.812201	-2.19445	
v 1.108	-0.7977	-2.18479	
v 3.11532	0.633334	2.44599	
v 3.09014	0.724834	2.4549	
v -2.40543	0.116562	1.90065	
v -2.42277	0.193101	1.87723	
v 4.13501	-0.158986	1.59271	
v 4.03489	-0.16081	1.63185	
v 3.91315	-0.10407	1.7891	
v 3.88064	-0.17053	1.73377	
v 2.949	0.498125	2.60369	
v 3.01597	0.605668	2.62943	
v 0.86135	-0.218455	1.8136	
v 3.44128	0.523846	2.05552	
v 3.41023	0.527595	2.00935	
v 3.4951	0.51669	1.9849	
v 3.47177	0.529028	2.00931	
v 0.735261	-1.02087	0.558562	
v 3.77741	-0.296547	1.36694	
v 3.88506	-0.296397	1.3124	
v 3.87748	-0.294602	1.2504	
v 3.34855	0.534142	2.08754	
v 3.32956	0.517444	2.08458	
v 3.30265	0.508803	1.93837	
v 1.18505	-0.287881	1.76275	
v -1.47292	-0.313892	-1.16587	
v 3.14475	0.690679	2.66044	
v 3.06843	0.659142	2.64999	
v 2.41331	-0.305087	0.712694	
v 2.1443	-0.392309	0.594129	
v 1.72626	0.465466	-0.108593	
v 2.86384	-0.520876	2.59059	
v 3.01597	-0.605669	2.62943	
v 2.949	-0.498125	2.60369	
v 3.01834	-0.502712	2.57287	
v -3.18779	0.761998	-2.07304	
v -3.23952	0.711964	-2.09746	
v 2.94905	0.463966	1.27729	
v 2.97128	-0.514145	1.88559	
v 3.05601	-0.519385	1.76979	
v 3.43369	0.50801	1.89924	
v 3.44129	0.520628	1.93121	
v 3.51128	0.484645	1.91992	
v -3.33049	0.882397	-1.5503	
v -3.23836	0.871859	-1.53432	
v 0.736349	0.88726	-1.01687	
v 0.644898	0.854272	-1.01496	
v 1.62638	-0.715617	0.701029	
v 1.53984	-0.64831	0.983399	
v 1.46398	-0.568171	1.2023	
v 0.759327	0.586523	-1.51558	
v 3.42083	0.403751	2.25265	
v 0.796515	0.824723	-2.25593	
v 4.03692	0.0601317	1.07254	
v 4.04578	-0.000759788	1.07518	
v -3.21831	-0.981246	0.558441	
v -3.18701	-0.829077	-1.54318	
v -3.20649	-0.744889	-1.5773	
v 4.36945	-0.000943697	1.40757	
v 4.34246	0.181615	1.40848	
v 2.84095	0.4833	1.85191	
v -3.72017	0.0209842	0.204922	
v -3.73776	-4.84639e-05	0.510903	
v -3.74722	-0.0410057	0.509839	
v -3.74907	4.82564e-05	0.805258	
v 3.18256	-0.716454	2.48491	
v 3.09014	-0.724834	2.4549	
v 3.67332	0.122001	1.064	
v 3.78059	0.153039	1.09015	
v -1.09498	-0.32683	-1.18886	
v 2.94752	0.881405	2.32359	
v -2.79313	0.387553	-1.35712	
v 4.07081	0.269306	1.47956	
v 4.2346	-0.176888	1.43148	
v 2.85823	-1.08157	2.31211	
v -3.46667	-0.697081	-1.59155	
v -3.47407	7.7125e-05	1.8585	
v -3.60835	-2.81985e-07	1.80161	
v 2.84456	-0.673581	2.12558	
v -4.19786	-0.130642	-1.25015	
v -3.08689	-1.01999	-2.32619	
v -3.20704	-0.931899	-2.23828	
v -3.10407	-0.917412	-2.22863	
v 2.81013	0.501603	2.29489	
v 0.903096	0.839766	-2.0962	
v -3.37939	-0.691202	-1.59761	
v 2.98006	0.486449	2.33164	
v 0.86658	0.917457	-0.963024	
v 0.872367	-0.785967	-2.27172	
v -3.1908	0.725212	-2.23496	
v 4.34508	0.0648927	1.25796	
v 4.33599	0.128944	1.23311	
v 4.28035	0.199435	1.2093	
v -3.43496	-0.939079	-2.22046	
v 3.41129	-0.485245	2.12924	
v 3.37968	-0.512655	2.07776	
v 3.34855	-0.534143	2.08754	
v 0.877815	-0.815912	-1.57951	
v -2.90938	-0.392183	-1.42418	
v -2.86838	-0.367444	-1.43222	
v 2.89395	-0.87529	2.29208	
v 2.89415	0.527233	2.28952	
v 2.19228	-0.299329	0.431597	
v 0.695049	-0.663497	-1.54016	
v 4.26161	-0.000798572	1.5793	
v 4.26717	0.110108	1.57208	
v 4.18267	0.105197	1.60261	
v 4.17311	0.176762	1.57879	
v -1.58767	-0.398444	-1.12205	
v 2.8868	-0.184605	2.55041	
v 4.31406	0.0678732	1.21965	
v 2.84456	0.67358	2.12558	
v 3.25201	0.721752	2.6863	
v -3.58185	0.59364	1.45423	
v 3.35165	0.738134	2.53326	
v 3.43677	0.730349	2.55431	
v 2.84141	1.14024	2.34099	
v 3.06218	0.600685	2.61328	
v 1.15602	-0.897416	-0.559646	
v 2.89382	-0.222379	2.56166	
v 2.80125	-0.223942	2.52338	
v 2.80053	-0.254719	2.52636	
v 2.25925	0.0864719	2.18187	
v 2.5013	0.203784	2.27819	
v -3.32989	-0.959468	-2.14004	
v -1.75306	-0.407879	-1.06958	
v 4.04118	-0.205435	1.17187	
v 4.04701	-0.294704	1.21125	
v 3.40302	0.508789	1.88387	
v 3.34084	0.523628	1.95493	
v -1.83863	-0.37938	-1.0602	
v 2.82497	1.18115	2.31422	
v 2.98068	-0.455402	2.17388	
v 2.82771	-1.06075	2.20173	
v 3.53417	0.493625	1.99018	
v 1.13882	-3.05623e-07	1.8759	
v 1.1424	-0.151844	1.84846	
v 2.27197	-0.382971	1.52023	
v -2.91594	0.433736	-1.33928	
v 0.551459	-0.863309	-0.726542	
v 0.630291	-0.962139	-0.57838	
v 1.12358	-0.900289	-2.28235	
v 4.18843	-0.172761	1.14484	
v -3.66115	0.441781	0.694255	
v 3.60629	0.380701	2.05645	
v 3.62187	0.373811	1.97074	
v -3.93961	-0.0771389	-0.288268	
v -3.23952	-0.711963	-2.09746	
v -1.12888	0.676542	-1.13775	
v 3.74052	0.235679	1.74807	
v 3.74217	0.167883	1.88866	
v -2.79313	0.387553	-1.35712	
v 0.867824	0.702882	-2.30347	
v -1.68779	-0.232506	1.80909	
v 1.0517	-0.987594	-0.535705	
v 3.91614	-0.28868	1.24211	
v 3.03735	-0.672812	2.41925	
v 4.38279	0.105574	1.48601	
v 3.05897	-0.40995	2.50194	
v -3.2832	-0.957262	-2.25882	
v -3.21685	-1.01693	-2.3208	
v 3.41023	-0.527596	2.00935	
v 3.44128	-0.523846	2.05552	
v 3.33502	-0.792059	2.68526	
v 0.935247	0.88218	-2.31898	
v 2.9032	0.802519	2.24633	
v 2.88198	0.722231	2.19232	
v 4.26597	0.157621	1.39876	
v 0.945461	-0.837554	-2.21499	
v 1.00567	-0.897222	-2.27696	
v 3.68647	0.24178	1.9115	
v 1.46398	-0.595193	-0.538294	
v 1.21398	0.748765	-2.28895	
v 3.30314	-0.485734	1.85877	
v 3.31834	-0.492203	1.63482	
v -3.89202	0.0447504	0.789112	
v 3.38796	0.497888	2.15369	
v 3.51861	-0.51012	1.97659	
v 3.543	-0.451643	1.94741	
v 3.53417	-0.493626	1.99018	
v 3.55946	-0.409974	1.98203	
v 4.0618	0.325969	1.29161	
v 2.80122	-1.21139	2.31721	
v 2.84141	-1.14024	2.34099	
v 0.747449	-0.666081	-1.72449	
v 3.16885	0.65412	2.48654	
v 3.41429	0.692242	2.54335	
v 3.73764	-0.000479169	1.09117	
v -3.77301	-0.0709749	0.506941	
v 3.85847	-0.116509	1.08641	
v 3.93619	-0.0875272	1.08339	
v 2.82771	1.06075	2.20173	
v -3.22112	-0.895809	-1.40749	
v -2.90103	-0.39707	-1.34601	
v -2.859	-0.371697	-1.35425	
v -2.79313	-0.387552	-1.35712	
v 4.27501	-0.0887465	1.15202	
v 3.00463	-0.752288	2.55071	
v 3.08628	0.226718	2.48416	
v 3.55104	0.429913	1.85267	
v 3.54357	0.426027	1.89101	
v 3.58337	0.371295	1.90877	
v -3.76942	-0.0561308	1.87551	
v -3.9058	-0.0523423	1.61589	
v 4.13916	-0.312373	1.29008	
v -2.39369	-0.310578	-1.42012	
v -2.38969	-0.313408	-1.34185	
v 3.3213	-0.729426	2.68679	
v 3.3906	-0.723484	2.68606	
v 1.08933	-0.179206	1.82487	
v 1.06645	-3.04078e-07	1.86642	
v -2.86838	0.367444	-1.43222	
v -2.97002	-0.81374	-2.40608	
v 3.66496	-0.177909	2.00592	
v 3.51889	0.498875	2.01419	
v 3.57476	0.40514	2.03575	
v 3.56748	0.39017	1.94932	
v 1.22964	-0.694037	-2.36225	
v 2.84404	1.02514	2.25247	
v -1.4069	-0.127957	1.81209	
v -1.64724	-2.93847e-07	1.87442	
v -1.67764	0.11244	1.84953	
v -2.76276	-0.363428	-1.23918	
v 3.16885	0.65412	2.48654	
v 4.20204	-0.259906	1.44751	
v 3.62187	-0.373812	1.97074	
v 3.63014	-0.343944	1.96021	
v 3.64679	-0.292376	1.93965	
v 0.977835	0.864931	-0.999632	
v 1.06125	0.81465	-0.9606	
v 3.56175	0.290828	1.13486	
v 2.89382	0.222378	2.56166	
v 4.12642	0.192017	1.17033	
v 4.18843	0.17276	1.14484	
v 0.903096	-0.839765	-2.0962	
v 4.3286	0.115246	1.53372	
v -2.44009	-0.346339	-1.35317	
v 3.21796	0.504531	1.64392	
v 3.18726	0.496402	1.72059	
v 3.63819	0.33821	2.02149	
v 4.09556	0.18746	1.13129	
v 3.44933	0.498933	1.83618	
v 3.504	0.469409	1.83317	
v -3.38467	-3.4048e-07	2.07215	
v 3.28757	-0.496683	1.58111	
v 3.21796	-0.504531	1.64392	
v 3.2339	-0.486668	1.75059	
v 3.15405	-0.627984	2.59251	
v 3.06843	-0.659143	2.64999	
v -3.7001	0.285118	0.0743617	
v 1.11223	-0.275277	1.78331	
v 2.9032	-0.80252	2.24633	
v 3.25592	0.523947	1.45223	
v 2.84213	-0.772449	1.90299	
v 3.91523	-0.000421214	1.81925	
v 3.26764	-8.24048e-05	1.00799	
v 3.49119	-0.000271111	1.05374	
v 3.32952	0.701333	2.6622	
v 3.39933	0.686837	2.66791	
v 2.97278	0.454356	2.10403	
v 3.76884	0.324488	1.31545	
v 3.49569	-0.49035	1.93605	
v 3.4951	-0.51669	1.9849	
v 3.43368	-0.509631	1.96124	
v 3.47177	-0.529028	2.00931	
v 1.08933	0.179205	1.82487	
v 2.88191	-1.05546	2.34821	
v 4.03692	-0.0601321	1.07254	
v 4.22953	-0.0609062	1.11076	
v 4.27501	-0.0887465	1.15202	
v -2.44009	-0.346339	-1.35317	
v 2.94752	-0.881406	2.32359	
v -3.60835	-2.95424e-07	1.80161	
v -1.12345	-0.228654	1.75198	
v 3.5509	0.440712	2.06241	
v 3.55087	0.438646	1.92298	
v -3.38333	0.721244	-1.78303	
v -3.50149	-0.103833	1.90225	
v -3.48143	-0.0599919	1.87023	
v 4.12642	-0.192018	1.17033	
v 1.27723	-0.743263	-0.364885	
v 3.52715	0.46624	1.87149	
v -3.61606	0.362499	0.494999	
v -3.29643	0.711021	-1.96917	
v 2.85823	1.08157	2.31211	
v 2.99645	0.405595	1.17068	
v 2.76583	0.748106	2.2183	
v -2.88769	0.477814	-1.39668	
v 3.51128	-0.484645	1.91992	
v 3.44129	-0.520629	1.93121	
v 3.43369	-0.50801	1.89924	
v 4.06608	0.136743	1.08778	
v 1.03203	0.642286	-2.0292	
v 3.78059	-0.153039	1.09015	
v -3.47407	7.7125e-05	1.8585	
v 3.07993	-0.48677	1.9521	
v -3.5837	-3.3417e-07	2.03342	
v -3.77295	0.0709215	0.50695	
v 2.01317	-0.385158	0.387441	
v 3.39596	-0.480451	2.17513	
v 0.786964	0.803826	-1.54445	
v -3.18772	0.552286	-1.11238	
v 2.85823	1.08157	2.31211	
v 3.28757	0.496683	1.58111	
v 3.26027	-0.69264	2.66792	
v 2.72467	-0.52405	2.28176	
v 3.54357	-0.426028	1.89101	
v 3.52715	-0.46624	1.87149	
v 3.55087	-0.438647	1.92298	
v 2.89395	-0.87529	2.29208	
v 3.33708	-0.699457	2.52975	
v -2.45768	0.396112	-1.33562	
v -3.39228	0.887332	0.516951	
v -1.68779	0.232505	1.80909	
v 2.84093	0.831008	2.1795	
v 4.13916	0.312373	1.29008	
v -2.90938	0.392183	-1.42418	
v -2.90103	0.39707	-1.34601	
v 1.46398	0.568171	1.2023	
v 3.33708	0.699456	2.52975	
v 3.41429	0.692242	2.54335	
v 4.18454	-0.00071633	1.61843	
v 1.16402	-0.660328	-0.649393	
v 2.84404	-1.02515	2.25247	
v 2.88342	-0.989341	2.31075	
v 3.28987	-0.746501	2.51828	
v 2.80339	-0.457749	2.50727	
v -3.30201	-0.699118	-1.59618	
v 4.26717	-0.110108	1.57208	
v 4.18267	-0.105197	1.60261	
v 3.33708	0.699456	2.52975	
v 2.96645	0.377353	1.13727	
v 3.5509	-0.440713	2.06241	
v 3.72427	-0.254777	1.14645	
v -3.18772	0.552286	-1.11238	
v -3.29812	0.537863	-1.05191	
v -3.77015	-0.074681	-0.270589	
v 2.76208	0.250402	2.47974	
v 2.84966	-0.777631	2.01193	
v 2.82668	-0.776504	2.09688	
v 4.03692	-0.0601321	1.07254	
v 1.16402	0.660328	-0.649393	
v 2.84456	0.67358	2.12558	
v -1.67764	-0.11244	1.84953	
v 4.29794	-0.108061	1.20043	
v 1.32932	-0.619264	-0.63603	
v -2.46001	0.391249	-1.41405	
v 2.82497	-1.18115	2.31422	
v 2.83354	-1.15162	2.30342	
v 2.8428	-0.749462	2.14084	
v 2.6696	0.580813	2.16372	
v 3.41429	-0.692243	2.54335	
v -2.859	0.371697	-1.35425	
v 3.57456	0.408996	1.83505	
v 4.00866	0.28745	1.19512	
v -3.47407	7.711e-05	1.8585	
v 3.41429	-0.692243	2.54335	
v 2.89395	-0.87529	2.29208	
v 3.29113	0.692329	2.52096	
v 1.61052	-0.566864	-0.0664171	
v 3.48038	0.495183	1.88233	
v 1.13723	-0.607323	-0.750937	
v 2.84456	-0.673581	2.12558	
v 2.88198	-0.722231	2.19232	
v 2.85823	-1.08157	2.31211	
v 3.65267	-0.000406584	1.07761	
v 2.83354	1.15162	2.30342	
v 3.2222	0.668964	2.50336	
v 3.41429	0.692242	2.54335	
v 4.31406	-0.0678736	1.21965	
v 4.29794	0.108061	1.20043	
v 3.33708	-0.699457	2.52975	
v 4.29231	-0.000924343	1.22986	
v 4.31406	0.0678732	1.21965	
