v -0.394981 4.22984 -0.987438
v -0.394981 4.22984 -0.987438
v -0.394981 4.22984 -0.987438
v -0.394981 4.22984 -0.987438
v -0.394981 4.22984 -0.987438
v -0.394981 4.22984 -0.987438
v -0.394981 4.22984 -0.987438
v -0.394981 4.22984 -0.987438
v -0.394981 4.22984 -0.987438
v -0.394981 4.22984 -0.987438
v -0.394981 4.22984 -0.987438
v -0.394981 4.22984 -0.987438
v -0.394981 4.22984 -0.987438
v -0.394981 4.22984 -0.987438
v -0.394981 4.22984 -0.987438
v -0.394981 4.22984 -0.987438
v 0.281164 -0.833375 0.362834
v 0.281164 -0.833375 0.362834
v 0.281164 -0.833375 0.362834
v 0.281164 -0.833375 0.362834
v 0.281164 -0.833375 0.362834
v 0.281164 -0.833375 0.362834
v 0.281164 -0.833375 0.362834
v 0.281164 -0.833375 0.362834
v 0.281164 -0.833375 0.362834
v 0.281164 -0.833375 0.362834
v 0.281164 -0.833375 0.362834
v 0.281164 -0.833375 0.362834
v 0.281164 -0.833375 0.362834
v 0.281164 -0.833375 0.362834
v 0.281164 -0.833375 0.362834
v -4.13707 1.45192 -0.996604
v -4.13707 1.45192 -0.996604
v -4.13707 1.45192 -0.996604
v -4.13707 1.45192 -0.996604
v -4.13707 1.45192 -0.996604
v -4.13707 1.45192 -0.996604
v -4.13707 1.45192 -0.996604
v -4.13707 1.45192 -0.996604
v -4.13707 1.45192 -0.996604
v -4.13707 1.45192 -0.996604
v -4.13707 1.45192 -0.996604
v -4.13707 1.45192 -0.996604
v -4.13707 1.45192 -0.996604
v -4.13707 1.45192 -0.996604
v -4.13707 1.45192 -0.996604
v -4.13707 1.45192 -0.996604
v 0.0961933 -0.941434 0.0983074
v 0.0961933 -0.941434 0.0983074
v 0.0961933 -0.941434 0.0983074
v 0.0961933 -0.941434 0.0983074
v 0.0961933 -0.941434 0.0983074
v 0.0961933 -0.941434 0.0983074
v 0.0961933 -0.941434 0.0983074
v 0.0961933 -0.941434 0.0983074
v 0.0961933 -0.941434 0.0983074
v 0.0961933 -0.941434 0.0983074
v 0.0961933 -0.941434 0.0983074
v 0.0961933 -0.941434 0.0983074
v 0.0961933 -0.941434 0.0983074
v 0.0961933 -0.941434 0.0983074
v 0.0961933 -0.941434 0.0983074
v -4.50996 -0.250279 -0.707364
v -4.50996 -0.250279 -0.707364
v -4.50996 -0.250279 -0.707364
v -4.50996 -0.250279 -0.707364
v -4.50996 -0.250279 -0.707364
v -4.50996 -0.250279 -0.707364
v -4.50996 -0.250279 -0.707364
v -4.50996 -0.250279 -0.707364
v -4.50996 -0.250279 -0.707364
v -4.50996 -0.250279 -0.707364
v -4.50996 -0.250279 -0.707364
v -4.50996 -0.250279 -0.707364
v -4.50996 -0.250279 -0.707364
v -4.50996 -0.250279 -0.707364
v -4.50996 -0.250279 -0.707364
v -0.0980034 -0.731969 0.599861
v -0.0980034 -0.731969 0.599861
v -0.0980034 -0.731969 0.599861
v -0.0980034 -0.731969 0.599861
v -0.0980034 -0.731969 0.599861
v -0.0980034 -0.731969 0.599861
v -0.0980034 -0.731969 0.599861
v -0.0980034 -0.731969 0.599861
v -0.0980034 -0.731969 0.599861
v -0.0980034 -0.731969 0.599861
v -0.0980034 -0.731969 0.599861
v -0.0980034 -0.731969 0.599861
v -0.0980034 -0.731969 0.599861
v -0.0980034 -0.731969 0.599861
v -0.0980034 -0.731969 0.599861
v -0.0980034 -0.731969 0.599861
v -4.31503 0.334641 -0.999079
v -4.31503 0.334641 -0.999079
v -4.31503 0.334641 -0.999079
v -4.31503 0.334641 -0.999079
v -4.31503 0.334641 -0.999079
v -4.31503 0.334641 -0.999079
v -4.31503 0.334641 -0.999079
v -4.31503 0.334641 -0.999079
v -4.31503 0.334641 -0.999079
v -4.31503 0.334641 -0.999079
v -4.31503 0.334641 -0.999079
v -4.31503 0.334641 -0.999079
v -4.31503 0.334641 -0.999079
v -4.31503 0.334641 -0.999079
v -4.31503 0.334641 -0.999079
d 
v -0.892323 0.622395 -1.72435
